CONCENTRACOES INICIAIS:
[H+] =   2.0000000000000000E-002
I2    =  2.0789683333311760E-006
Cl2   =  5.2941751321986748E-007
I3-   =  7.4538694174521355E-013
Cl-   =  8.8529570855789570E-003
I-    =  4.8016710040697008E-010
H2OI+ =  9.9672747461563477E-008
ClO2  =  4.6234696725571655E-010
HIO2  =  6.7249883172388081E-006
HClO2 =  1.3462137707303752E-007
HOI   =  1.6944367522919735E-007
HOCl  =  3.0551585563505310E-006
ClO2- =  1.3462137706914707E-007
ClO3- =  7.1426592157414516E-003
HNO2  =  4.3570092226284402E-004
NO    =  1.4295166097671286E-004
NO2   =  4.7114875305749048E-012
N2O3  =  1.3471115954443878E-012
O2    =  8.7875564220025581E-006
IClO3 =  6.3868416600865197E-040
IO3-  =  8.4111304443767083E-003
I     =  5.7883636228901292E-010
NO3-  =  5.8562567614577499E-004
H2NO2+=  4.3570092223576054E-004
NOI   =  2.0800197165225798E-008
I2-   =  2.2921985222273810E-016
H2N2O3++=  5.3883327042576746E-012
H2N2O3I+=  2.5872863993784910E-023
O2NOClO=  9.7182805018345114E-123
NO2Cl=  9.7182805018345114E-123
ClOClO=  9.7182805018345114E-123
Cl3-=  9.7182805018345114E-123
NO3=  9.7182805018345114E-123
IClO2 =  9.7182805018345114E-123
IClO3-=  9.7182805018345114E-123
OH    =  9.7182805018345114E-123
H     =  6.8610330213120402E-011
H2    =  1.0000000000000000E-010
HIO3  =  5.2569565277299263E-004
I2O2  =  5.0484346393312992E-016
Cl    =  9.7182805018345114E-123

 1.0223E+001   1.5893E-003  
 2.1118E+001   1.6438E-003  
 3.2485E+001   1.7019E-003  
 4.3168E+001   1.7587E-003  
 5.3505E+001   1.8162E-003  
 6.3962E+001   1.8768E-003  
 7.4470E+001   1.9402E-003  
 8.5219E+001   2.0072E-003  
 9.5753E+001   2.0750E-003  
 1.0670E+002   2.1472E-003  
 1.1749E+002   2.2198E-003  
 1.2757E+002   2.2886E-003  
 1.3838E+002   2.3628E-003  
 1.4989E+002   2.4414E-003  
 1.6004E+002   2.5095E-003  
 1.7072E+002   2.5788E-003  
 1.8198E+002   2.6477E-003  
 1.9385E+002   2.7137E-003  
 2.0641E+002   2.7738E-003  
 2.1698E+002   2.8149E-003  
 2.2806E+002   2.8476E-003  
 2.3970E+002   2.8703E-003  
 2.5195E+002   2.8824E-003  
 2.6485E+002   2.8854E-003  
 2.7500E+002   2.8840E-003  
 2.8557E+002   2.8824E-003  
 2.9657E+002   2.8833E-003  
 3.0798E+002   2.8891E-003  
 3.1975E+002   2.9007E-003  
 3.3183E+002   2.9169E-003  
 3.4410E+002   2.9345E-003  
 3.5645E+002   2.9491E-003  
 3.6876E+002   2.9563E-003  
 3.8088E+002   2.9541E-003  
 3.9272E+002   2.9437E-003  
 4.0419E+002   2.9285E-003  
 4.1521E+002   2.9137E-003  
 4.2573E+002   2.9032E-003  
 4.3892E+002   2.9000E-003  
 4.5113E+002   2.9085E-003  
 4.6237E+002   2.9247E-003  
 4.7270E+002   2.9435E-003  
 4.8449E+002   2.9645E-003  
 4.9526E+002   2.9779E-003  
 5.0526E+002   2.9819E-003  
 5.1666E+002   2.9742E-003  
 5.2784E+002   2.9550E-003  
 5.3924E+002   2.9281E-003  
 5.5125E+002   2.9002E-003  
 5.6195E+002   2.8832E-003  
 5.7339E+002   2.8789E-003  
 5.8556E+002   2.8924E-003  
 5.9572E+002   2.9160E-003  
 6.0612E+002   2.9470E-003  
 6.1658E+002   2.9789E-003  
 6.2694E+002   3.0038E-003  
 6.3704E+002   3.0155E-003  
 6.4911E+002   3.0072E-003  
 6.6050E+002   2.9767E-003  
 6.7120E+002   2.9341E-003  
 6.8129E+002   2.8911E-003  
 6.9276E+002   2.8524E-003  
 7.0375E+002   2.8364E-003  
 7.1447E+002   2.8458E-003  
 7.2510E+002   2.8783E-003  
 7.3577E+002   2.9281E-003  
 7.4653E+002   2.9859E-003  
 7.5738E+002   3.0393E-003  
 7.6829E+002   3.0740E-003  
 7.7919E+002   3.0773E-003  
 7.9005E+002   3.0428E-003  
 8.0086E+002   2.9751E-003  
 8.1162E+002   2.8913E-003  
 8.2233E+002   2.8152E-003  
 8.3296E+002   2.7684E-003  
 8.4344E+002   2.7625E-003  
 8.5371E+002   2.7970E-003  
 8.6375E+002   2.8632E-003  
 8.7513E+002   2.9639E-003  
 8.8616E+002   3.0692E-003  
 8.9689E+002   3.1574E-003  
 9.0737E+002   3.2075E-003  
 9.1774E+002   3.2005E-003  
 9.2813E+002   3.1252E-003  
 9.3870E+002   2.9882E-003  
 9.4951E+002   2.8242E-003  
 9.6053E+002   2.6875E-003  
 9.7155E+002   2.6227E-003  
 9.8237E+002   2.6416E-003  
 9.9285E+002   2.7294E-003  
 1.0030E+003   2.8637E-003  
 1.0142E+003   3.0478E-003  
 1.0251E+003   3.2386E-003  
 1.0357E+003   3.4068E-003  
 1.0462E+003   3.5148E-003  
 1.0565E+003   3.5165E-003  
 1.0668E+003   3.3663E-003  
 1.0772E+003   3.0696E-003  
 1.0877E+003   2.7196E-003  
 1.0987E+003   2.4466E-003  
 1.1099E+003   2.3462E-003  
 1.1209E+003   2.4109E-003  
 1.1314E+003   2.5851E-003  
 1.1415E+003   2.8283E-003  
 1.1527E+003   3.1617E-003  
 1.1637E+003   3.5464E-003  
 1.1742E+003   3.9749E-003  
 1.1844E+003   4.5080E-003  
 1.1946E+003   5.3956E-003  
 1.2046E+003   7.0778E-003  
 1.2146E+003   9.7639E-003  
 1.2247E+003   1.3047E-002  
 1.2347E+003   1.6300E-002  
 1.2449E+003   1.9584E-002  
 1.2552E+003   2.2867E-002  
 1.2654E+003   2.6127E-002  
 1.2754E+003   2.9292E-002  
 1.2857E+003   3.2500E-002  
 1.2960E+003   3.5694E-002  
 1.3061E+003   3.8802E-002  
 1.3162E+003   4.1881E-002  
 1.3267E+003   4.5032E-002  
 1.3368E+003   4.8056E-002  
 1.3471E+003   5.1079E-002  
 1.3573E+003   5.4068E-002  
 1.3675E+003   5.6986E-002  
 1.3780E+003   5.9999E-002  
 1.3883E+003   6.2880E-002  
 1.3988E+003   6.5806E-002  
 1.4095E+003   6.8751E-002  
 1.4196E+003   7.1476E-002  
 1.4297E+003   7.4169E-002  
 1.4397E+003   7.6808E-002  
 1.4503E+003   7.9575E-002  
 1.4608E+003   8.2256E-002  
 1.4712E+003   8.4855E-002  
 1.4814E+003   8.7383E-002  
 1.4916E+003   8.9859E-002  
 1.5018E+003   9.2304E-002  
 1.5123E+003   9.4742E-002  
 1.5230E+003   9.7199E-002  
 1.5335E+003   9.9517E-002  
 1.5436E+003   1.0170E-001  
 1.5543E+003   1.0394E-001  
 1.5647E+003   1.0603E-001  
 1.5753E+003   1.0798E-001  
 1.5853E+003   8.8679E-002  
 1.5953E+003   4.8234E-003  
 1.6053E+003   8.2892E-004  
 1.6154E+003   7.6081E-004  
 1.6259E+003   8.6848E-004  
 1.6375E+003   9.3109E-004  
 1.6499E+003   9.6586E-004  
 1.6617E+003   9.9404E-004  
 1.6745E+003   1.0266E-003  
 1.6846E+003   1.0545E-003  
 1.6950E+003   1.0852E-003  
 1.7057E+003   1.1189E-003  
 1.7167E+003   1.1558E-003  
 1.7280E+003   1.1960E-003  
 1.7397E+003   1.2396E-003  
 1.7517E+003   1.2870E-003  
 1.7641E+003   1.3382E-003  
 1.7768E+003   1.3937E-003  
 1.7899E+003   1.4536E-003  
 1.8034E+003   1.5182E-003  
 1.8173E+003   1.5878E-003  
 1.8315E+003   1.6628E-003  
 1.8463E+003   1.7437E-003  
 1.8563E+003   1.8010E-003  
 1.8666E+003   1.8613E-003  
 1.8771E+003   1.9247E-003  
 1.8879E+003   1.9912E-003  
 1.8989E+003   2.0612E-003  
 1.9102E+003   2.1346E-003  
 1.9218E+003   2.2115E-003  
 1.9338E+003   2.2919E-003  
 1.9463E+003   2.3754E-003  
 1.9593E+003   2.4617E-003  
 1.9730E+003   2.5495E-003  
 1.9875E+003   2.6372E-003  
 2.0033E+003   2.7213E-003  
 2.0208E+003   2.7963E-003  
 2.0410E+003   2.8532E-003  
 2.0653E+003   2.8815E-003  
 2.0970E+003   2.8860E-003  
 2.1416E+003   2.9209E-003  
 2.1902E+003   2.9490E-003  
 2.2428E+003   2.9104E-003  
 2.2812E+003   2.9450E-003  
 2.3085E+003   2.9705E-003  
 2.3349E+003   2.9514E-003  
 2.3595E+003   2.9110E-003  
 2.3814E+003   2.8983E-003  
 2.4000E+003   2.9192E-003  
 2.4100E+003   2.9392E-003  
 2.4210E+003   2.9627E-003  
 2.4333E+003   2.9840E-003  
 2.4462E+003   2.9922E-003  
 2.4600E+003   2.9796E-003  
 2.4718E+003   2.9530E-003  
 2.4861E+003   2.9124E-003  
 2.5031E+003   2.8760E-003  
 2.5229E+003   2.8797E-003  
 2.5457E+003   2.9444E-003  
 2.5706E+003   3.0212E-003  
 2.5965E+003   3.0037E-003  
 2.6215E+003   2.8897E-003  
 2.6442E+003   2.8231E-003  
 2.6566E+003   2.8367E-003  
 2.6676E+003   2.8783E-003  
 2.6781E+003   2.9361E-003  
 2.6890E+003   3.0032E-003  
 2.6995E+003   3.0607E-003  
 2.7113E+003   3.0999E-003  
 2.7215E+003   3.0980E-003  
 2.7334E+003   3.0470E-003  
 2.7467E+003   2.9410E-003  
 2.7571E+003   2.8478E-003  
 2.7675E+003   2.7739E-003  
 2.7775E+003   2.7394E-003  
 2.7899E+003   2.7566E-003  
 2.8007E+003   2.8217E-003  
 2.8120E+003   2.9257E-003  
 2.8227E+003   3.0409E-003  
 2.8336E+003   3.1526E-003  
 2.8446E+003   3.2332E-003  
 2.8554E+003   3.2529E-003  
 2.8654E+003   3.1980E-003  
 2.8761E+003   3.0613E-003  
 2.8869E+003   2.8761E-003  
 2.8988E+003   2.6893E-003  
 2.9091E+003   2.5973E-003  
 2.9192E+003   2.5887E-003  
 2.9305E+003   2.6679E-003  
 2.9406E+003   2.8023E-003  
 2.9511E+003   2.9832E-003  
 2.9617E+003   3.1894E-003  
 2.9727E+003   3.4006E-003  
 2.9834E+003   3.5678E-003  
 2.9943E+003   3.6407E-003  
 3.0046E+003   3.5495E-003  
 3.0154E+003   3.2508E-003  
 3.0261E+003   2.8290E-003  
 3.0375E+003   2.4477E-003  
 3.0483E+003   2.2824E-003  
 3.0591E+003   2.3057E-003  
 3.0692E+003   2.4576E-003  
 3.0799E+003   2.7149E-003  
 3.0901E+003   3.0262E-003  
 3.1011E+003   3.4307E-003  
 3.1116E+003   3.8942E-003  
 3.1223E+003   4.5421E-003  
 3.1323E+003   5.7478E-003  
 3.1424E+003   7.6020E-003  
 3.1524E+003   1.0646E-002  
 3.1624E+003   1.3903E-002  
 3.1725E+003   1.7182E-002  
 3.1826E+003   2.0452E-002  
 3.1928E+003   2.3723E-002  
 3.2030E+003   2.6959E-002  
 3.2131E+003   3.0128E-002  
 3.2233E+003   3.3315E-002  
 3.2335E+003   3.6471E-002  
 3.2439E+003   3.9656E-002  
 3.2543E+003   4.2804E-002  
 3.2644E+003   4.5855E-002  
 3.2748E+003   4.8931E-002  
 3.2852E+003   5.2001E-002  
 3.2956E+003   5.5029E-002  
 3.3059E+003   5.7975E-002  
 3.3165E+003   6.1007E-002  
 3.3268E+003   6.3897E-002  
 3.3374E+003   6.6820E-002  
 3.3481E+003   6.9750E-002  
 3.3581E+003   7.2453E-002  
 3.3681E+003   7.5118E-002  
 3.3788E+003   7.7928E-002  
 3.3894E+003   8.0669E-002  
 3.3999E+003   8.3341E-002  
 3.4104E+003   8.5955E-002  
 3.4208E+003   8.8528E-002  
 3.4314E+003   9.1080E-002  
 3.4414E+003   9.3451E-002  
 3.4517E+003   9.5843E-002  
 3.4624E+003   9.8274E-002  
 3.4728E+003   1.0057E-001  
 3.4828E+003   1.0272E-001  
 3.4934E+003   1.0492E-001  
 3.5036E+003   1.0693E-001  
 3.5140E+003   1.0880E-001  
 3.5240E+003   5.4990E-002  
 3.5340E+003   2.8484E-003  
 3.5441E+003   7.5890E-004  
 3.5541E+003   7.8408E-004  
 3.5652E+003   8.8769E-004  
 3.5763E+003   9.3827E-004  
 3.5865E+003   9.6552E-004  
 3.5983E+003   9.9362E-004  
 3.6111E+003   1.0262E-003  
 3.6212E+003   1.0540E-003  
 3.6316E+003   1.0847E-003  
 3.6423E+003   1.1184E-003  
 3.6533E+003   1.1552E-003  
 3.6647E+003   1.1953E-003  
 3.6764E+003   1.2390E-003  
 3.6884E+003   1.2864E-003  
 3.7008E+003   1.3376E-003  
 3.7135E+003   1.3931E-003  
 3.7267E+003   1.4531E-003  
 3.7402E+003   1.5177E-003  
 3.7541E+003   1.5875E-003  
 3.7685E+003   1.6626E-003  
 3.7833E+003   1.7436E-003  
 3.7934E+003   1.8010E-003  
 3.8038E+003   1.8614E-003  
 3.8143E+003   1.9249E-003  
 3.8252E+003   1.9916E-003  
 3.8363E+003   2.0617E-003  
 3.8476E+003   2.1352E-003  
 3.8594E+003   2.2122E-003  
 3.8715E+003   2.2927E-003  
 3.8841E+003   2.3764E-003  
 3.8972E+003   2.4628E-003  
 3.9110E+003   2.5507E-003  
 3.9258E+003   2.6384E-003  
 3.9418E+003   2.7224E-003  
 3.9597E+003   2.7972E-003  
 3.9803E+003   2.8536E-003  
 4.0054E+003   2.8816E-003  
 4.0385E+003   2.8879E-003  
 4.0851E+003   2.9274E-003  
 4.1347E+003   2.9446E-003  
 4.1640E+003   2.9198E-003  
 4.1980E+003   2.9209E-003  
 4.2399E+003   2.9657E-003  
 4.2894E+003   2.9258E-003  
 4.3356E+003   2.9186E-003  
 4.3693E+003   2.9773E-003  
 4.3807E+003   2.9864E-003  
 4.3927E+003   2.9820E-003  
 4.4056E+003   2.9612E-003  
 4.4181E+003   2.9308E-003  
 4.4352E+003   2.8922E-003  
 4.4587E+003   2.8849E-003  
 4.4913E+003   2.9694E-003  
 4.5258E+003   3.0133E-003  
 4.5627E+003   2.8829E-003  
 4.5898E+003   2.8426E-003  
 4.6057E+003   2.8888E-003  
 4.6196E+003   2.9576E-003  
 4.6313E+003   3.0185E-003  
 4.6426E+003   3.0633E-003  
 4.6528E+003   3.0795E-003  
 4.6634E+003   3.0632E-003  
 4.6735E+003   3.0152E-003  
 4.6836E+003   2.9448E-003  
 4.6940E+003   2.8650E-003  
 4.7049E+003   2.7987E-003  
 4.7177E+003   2.7664E-003  
 4.7283E+003   2.7858E-003  
 4.7394E+003   2.8463E-003  
 4.7504E+003   2.9356E-003  
 4.7608E+003   3.0322E-003  
 4.7734E+003   3.1375E-003  
 4.7840E+003   3.1927E-003  
 4.7947E+003   3.1938E-003  
 4.8061E+003   3.1201E-003  
 4.8172E+003   2.9834E-003  
 4.8282E+003   2.8246E-003  
 4.8393E+003   2.6962E-003  
 4.8496E+003   2.6394E-003  
 4.8599E+003   2.6536E-003  
 4.8713E+003   2.7433E-003  
 4.8833E+003   2.8993E-003  
 4.8949E+003   3.0857E-003  
 4.9056E+003   3.2604E-003  
 4.9166E+003   3.4092E-003  
 4.9273E+003   3.4819E-003  
 4.9382E+003   3.4292E-003  
 4.9492E+003   3.2147E-003  
 4.9600E+003   2.8931E-003  
 4.9707E+003   2.5943E-003  
 4.9823E+003   2.4121E-003  
 4.9939E+003   2.4059E-003  
 5.0049E+003   2.5356E-003  
 5.0152E+003   2.7420E-003  
 5.0261E+003   3.0246E-003  
 5.0363E+003   3.3342E-003  
 5.0471E+003   3.7039E-003  
 5.0573E+003   4.0908E-003  
 5.0675E+003   4.5450E-003  
 5.0781E+003   5.2058E-003  
 5.0881E+003   6.6589E-003  
 5.0981E+003   8.6053E-003  
 5.1082E+003   1.1778E-002  
 5.1182E+003   1.5035E-002  
 5.1284E+003   1.8331E-002  
 5.1385E+003   2.1593E-002  
 5.1486E+003   2.4792E-002  
 5.1586E+003   2.7981E-002  
 5.1688E+003   3.1162E-002  
 5.1789E+003   3.4333E-002  
 5.1890E+003   3.7446E-002  
 5.1992E+003   4.0566E-002  
 5.2093E+003   4.3622E-002  
 5.2197E+003   4.6722E-002  
 5.2302E+003   4.9843E-002  
 5.2408E+003   5.2952E-002  
 5.2514E+003   5.6013E-002  
 5.2618E+003   5.8984E-002  
 5.2718E+003   6.1827E-002  
 5.2821E+003   6.4719E-002  
 5.2927E+003   6.7636E-002  
 5.3034E+003   7.0552E-002  
 5.3141E+003   7.3442E-002  
 5.3249E+003   7.6284E-002  
 5.3355E+003   7.9066E-002  
 5.3461E+003   8.1786E-002  
 5.3567E+003   8.4450E-002  
 5.3672E+003   8.7074E-002  
 5.3779E+003   8.9677E-002  
 5.3880E+003   9.2093E-002  
 5.3983E+003   9.4528E-002  
 5.4091E+003   9.6999E-002  
 5.4194E+003   9.9327E-002  
 5.4303E+003   1.0171E-001  
 5.4409E+003   1.0395E-001  
 5.4511E+003   1.0602E-001  
 5.4617E+003   1.0804E-001  
 5.4717E+003   1.0909E-001  
 5.4817E+003   1.2931E-002  
 5.4917E+003   1.1548E-003  
 5.5019E+003   7.3453E-004  
 5.5125E+003   8.4121E-004  
 5.5234E+003   9.1574E-004  
 5.5345E+003   9.5292E-004  
 5.5456E+003   9.7991E-004  
 5.5580E+003   1.0102E-003  
 5.5712E+003   1.0454E-003  
 5.5815E+003   1.0752E-003  
 5.5921E+003   1.1081E-003  
 5.6031E+003   1.1440E-003  
 5.6143E+003   1.1831E-003  
 5.6259E+003   1.2257E-003  
 5.6379E+003   1.2720E-003  
 5.6502E+003   1.3221E-003  
 5.6628E+003   1.3764E-003  
 5.6759E+003   1.4350E-003  
 5.6893E+003   1.4983E-003  
 5.7032E+003   1.5666E-003  
 5.7174E+003   1.6402E-003  
 5.7321E+003   1.7195E-003  
 5.7422E+003   1.7758E-003  
 5.7524E+003   1.8349E-003  
 5.7629E+003   1.8971E-003  
 5.7737E+003   1.9624E-003  
 5.7847E+003   2.0310E-003  
 5.7960E+003   2.1031E-003  
 5.8076E+003   2.1787E-003  
 5.8196E+003   2.2577E-003  
 5.8320E+003   2.3401E-003  
 5.8450E+003   2.4255E-003  
 5.8585E+003   2.5129E-003  
 5.8730E+003   2.6010E-003  
 5.8885E+003   2.6872E-003  
 5.9056E+003   2.7668E-003  
 5.9250E+003   2.8323E-003  
 5.9482E+003   2.8733E-003  
 5.9776E+003   2.8857E-003  
 6.0185E+003   2.9053E-003  
 6.0687E+003   2.9493E-003  
 6.1225E+003   2.9180E-003  
 6.1619E+003   2.9321E-003  
 6.1922E+003   2.9638E-003  
 6.2249E+003   2.9527E-003  
 6.2600E+003   2.9081E-003  
 6.2959E+003   2.9304E-003  
 6.3326E+003   2.9836E-003  
 6.3679E+003   2.9408E-003  
 6.4001E+003   2.8839E-003  
 6.4140E+003   2.8906E-003  
 6.4242E+003   2.9097E-003  
 6.4372E+003   2.9451E-003  
 6.4497E+003   2.9816E-003  
 6.4668E+003   3.0126E-003  
 6.4900E+003   2.9855E-003  
 6.5204E+003   2.8725E-003  
 6.5557E+003   2.8789E-003  
 6.5736E+003   2.9594E-003  
 6.5918E+003   3.0422E-003  
 6.6094E+003   3.0688E-003  
 6.6254E+003   3.0179E-003  
 6.6396E+003   2.9258E-003  
 6.6516E+003   2.8436E-003  
 6.6616E+003   2.7955E-003  
 6.6726E+003   2.7784E-003  
 6.6830E+003   2.8010E-003  
 6.6938E+003   2.8594E-003  
 6.7047E+003   2.9439E-003  
 6.7150E+003   3.0325E-003  
 6.7263E+003   3.1198E-003  
 6.7368E+003   3.1716E-003  
 6.7481E+003   3.1728E-003  
 6.7598E+003   3.1005E-003  
 6.7713E+003   2.9681E-003  
 6.7821E+003   2.8248E-003  
 6.7944E+003   2.7003E-003  
 6.8050E+003   2.6585E-003  
 6.8156E+003   2.6855E-003  
 6.8259E+003   2.7701E-003  
 6.8361E+003   2.8960E-003  
 6.8470E+003   3.0571E-003  
 6.8571E+003   3.2098E-003  
 6.8680E+003   3.3498E-003  
 6.8781E+003   3.4232E-003  
 6.8887E+003   3.3988E-003  
 6.8996E+003   3.2341E-003  
 6.9108E+003   2.9506E-003  
 6.9222E+003   2.6547E-003  
 6.9337E+003   2.4686E-003  
 6.9448E+003   2.4387E-003  
 6.9554E+003   2.5320E-003  
 6.9655E+003   2.7030E-003  
 6.9764E+003   2.9541E-003  
 6.9869E+003   3.2398E-003  
 6.9970E+003   3.5428E-003  
 7.0079E+003   3.8833E-003  
 7.0179E+003   4.1977E-003  
 7.0280E+003   4.4800E-003  
 7.0383E+003   4.6392E-003  
 7.0483E+003   4.4677E-003  
 7.0589E+003   3.6848E-003  
 7.0695E+003   2.6024E-003  
 7.0795E+003   1.9438E-003  
 7.0899E+003   1.7568E-003  
 7.1001E+003   1.8707E-003  
 7.1106E+003   2.1573E-003  
 7.1216E+003   2.5620E-003  
 7.1318E+003   3.0196E-003  
 7.1429E+003   3.6277E-003  
 7.1529E+003   4.4130E-003  
 7.1629E+003   6.1119E-003  
 7.1730E+003   8.1026E-003  
 7.1830E+003   1.1295E-002  
 7.1930E+003   1.4558E-002  
 7.2032E+003   1.7859E-002  
 7.2134E+003   2.1150E-002  
 7.2236E+003   2.4399E-002  
 7.2338E+003   2.7642E-002  
 7.2441E+003   3.0888E-002  
 7.2543E+003   3.4045E-002  
 7.2643E+003   3.7146E-002  
 7.2744E+003   4.0245E-002  
 7.2844E+003   4.3282E-002  
 7.2947E+003   4.6371E-002  
 7.3052E+003   4.9485E-002  
 7.3158E+003   5.2592E-002  
 7.3264E+003   5.5654E-002  
 7.3367E+003   5.8632E-002  
 7.3468E+003   6.1491E-002  
 7.3572E+003   6.4407E-002  
 7.3679E+003   6.7357E-002  
 7.3779E+003   7.0099E-002  
 7.3880E+003   7.2822E-002  
 7.3981E+003   7.5501E-002  
 7.4089E+003   7.8317E-002  
 7.4195E+003   8.1048E-002  
 7.4299E+003   8.3693E-002  
 7.4402E+003   8.6258E-002  
 7.4503E+003   8.8757E-002  
 7.4605E+003   9.1212E-002  
 7.4708E+003   9.3645E-002  
 7.4814E+003   9.6082E-002  
 7.4915E+003   9.8368E-002  
 7.5020E+003   1.0070E-001  
 7.5123E+003   1.0290E-001  
 7.5223E+003   1.0496E-001  
 7.5330E+003   1.0704E-001  
 7.5430E+003   1.0881E-001  
 7.5530E+003   3.9712E-002  
