Time /s	Absorbance (460 nm)
10.131	0.02677
20.133	0.03561
30.265	0.04454
40.325	0.05334
50.601	0.06227
60.774	0.07105
70.776	0.07962
81.161	0.08845
91.39	0.09707
101.77	0.10576
112.22	0.11443
122.47	0.12287
132.92	0.13141
143.55	0.14002
154.27	0.14863
165	0.15717
175.6	0.16555
185.98	0.17368
196.04	0.18149
206.65	0.18967
216.8	0.19742
227.45	0.20551
237.49	0.21306
247.99	0.2209
258.96	0.22903
269.14	0.2365
279.72	0.24423
290.74	0.2522
300.75	0.25939
311.13	0.26679
321.87	0.2744
333	0.28222
344.53	0.29026
354.75	0.29733
365.28	0.30458
376.15	0.312
387.35	0.3196
398.91	0.32738
410.83	0.33535
421.05	0.34214
431.54	0.34906
442.31	0.35612
453.36	0.36332
464.7	0.37067
476.35	0.37816
488.3	0.38579
500.58	0.39358
510.64	0.39993
520.91	0.40637
531.41	0.41291
542.13	0.41956
553.09	0.42631
564.28	0.43317
575.72	0.44014
587.41	0.44721
599.36	0.4544
611.58	0.4617
624.07	0.46911
636.83	0.47664
649.89	0.48429
663.24	0.49206
673.45	0.49797
683.84	0.50395
694.4	0.50999
705.15	0.51611
716.09	0.5223
727.21	0.52856
738.54	0.5349
750.06	0.54131
761.79	0.54779
773.73	0.55435
785.89	0.56099
798.27	0.56771
810.88	0.5745
823.73	0.58137
836.83	0.58832
850.18	0.59535
863.8	0.60246
877.69	0.60964
891.87	0.6169
906.35	0.62423
921.1	0.63159
936.03	0.63891
950.58	0.64587
961.09	0.6507
971.1	0.60171
981.1	0.03052
991.12	0.00422
1001.1	0.00267
1011.7	0.00263
1022.6	0.00272
1033.4	0.00283
1044.9	0.00296
1055.8	0.00311
1067.7	0.00328
1078	0.00345
1089.1	0.00364
1101	0.00386
1113.8	0.00411
1124	0.00432
1134.8	0.00455
1146.3	0.00481
1158.4	0.00508
1171.3	0.00538
1184.9	0.0057
1199.5	0.00603
1209.6	0.00627
1220.3	0.00651
1231.3	0.00676
1242.9	0.007
1255	0.00725
1267.7	0.00749
1280.9	0.00772
1294.7	0.00794
1309.2	0.00814
1324.2	0.00832
1339.7	0.00847
1355.7	0.00859
1372.1	0.00869
1388.7	0.00877
1405.6	0.00883
1422.8	0.00888
1440.2	0.00892
1457.9	0.00895
1475.9	0.00898
1494.5	0.009
1513.6	0.00902
1533.4	0.00903
1554	0.00905
1575.5	0.00906
1598.3	0.00908
1622.3	0.00909
1647.9	0.00911
1675.3	0.00913
1704.7	0.00914
1736.4	0.00916
1770.6	0.00918
1807.5	0.0092
1847.4	0.00922
1890.1	0.00924
1935.7	0.00927
1983.6	0.00929
2033.4	0.00932
2084.4	0.00934
2135.9	0.00937
2187	0.00939
2237.2	0.00942
2285.9	0.00944
2332.7	0.00946
2377.3	0.00948
2419.4	0.0095
2458.9	0.00952
2495.6	0.00953
2529.4	0.00955
2560.5	0.00957
2588.8	0.00957
2614.4	0.00958
2637.4	0.0096
2657.8	0.00961
2676	0.00961
2692	0.0096
2706.1	0.0096
2718.4	0.00963
2729.3	0.00965
2743.1	0.00968
2754.5	0.00968
2766.8	0.00965
2779	0.0096
2790.5	0.00958
2802	0.00959
2812.8	0.00965
2822.9	0.00973
2834.6	0.00981
2846.5	0.00983
2858.4	0.00975
2869.2	0.00959
2882.7	0.00942
2893.7	0.00941
2906.9	0.00961
2921.4	0.01002
2936.6	0.0104
2948.4	0.01037
2960	0.00986
2971	0.00911
2983.4	0.00859
2995.9	0.00885
3007.3	0.00972
3018.8	0.01113
3029.3	0.01325
3039.3	0.01868
3049.4	0.02562
3059.5	0.03454
3069.5	0.04335
3079.5	0.05214
3089.8	0.06105
3100	0.06992
3110.2	0.07864
3120.5	0.08735
3130.6	0.09585
3140.8	0.10442
3151.1	0.11297
3161.2	0.12129
3171.5	0.1297
3182	0.13817
3192.6	0.14665
3203.1	0.15505
3213.6	0.16329
3223.8	0.17128
3234.6	0.17967
3245.1	0.18773
3255.1	0.19538
3265.7	0.20334
3276.7	0.21162
3287.1	0.21936
3298	0.22738
3308.1	0.23476
3318.6	0.24237
3329.5	0.25022
3340.8	0.25833
3351.2	0.26563
3361.8	0.27314
3372.9	0.28085
3384.4	0.28878
3394.5	0.29575
3405	0.30288
3415.7	0.31017
3426.9	0.31764
3438.3	0.32528
3450.1	0.3331
3460.3	0.33975
3470.7	0.34653
3481.3	0.35344
3492.3	0.36048
3503.5	0.36766
3515.1	0.37497
3526.9	0.38242
3539.1	0.39002
3551.6	0.39775
3561.8	0.40405
3572.3	0.41043
3583	0.41692
3593.9	0.4235
3605.1	0.43018
3616.5	0.43695
3628.2	0.44383
3640.1	0.45081
3652.3	0.45789
3664.8	0.46507
3677.7	0.47235
3690.8	0.47974
3700.8	0.48535
3711.1	0.49101
3721.5	0.49673
3732.1	0.5025
3742.9	0.50832
3753.9	0.51418
3765.2	0.52008
3776.6	0.52599
3788.1	0.53189
3799.7	0.53769
3811	0.54317
3821.1	0.54787
3831.1	0.51539
3841.1	0.02709
3851.1	0.004
3861.1	0.00268
3871.3	0.00266
3881.4	0.00275
3892.2	0.00286
3903.8	0.003
3914.8	0.00315
3926.8	0.00333
3937.2	0.0035
3948.4	0.0037
3960.4	0.00393
3973.3	0.00419
3983.6	0.0044
3994.5	0.00464
4005.9	0.0049
4018	0.00518
4030.9	0.00548
4044.4	0.00581
4058.8	0.00615
4068.8	0.00639
4079.2	0.00663
4090	0.00688
4101.3	0.00713
4113	0.00737
4125.1	0.00761
4137.7	0.00785
4150.8	0.00806
4164.2	0.00826
4178.1	0.00843
4192.3	0.00858
4206.7	0.0087
4221.2	0.0088
4235.9	0.00888
4250.5	0.00894
4265.2	0.00898
4280	0.00902
4294.8	0.00905
4309.8	0.00908
4325	0.0091
4340.5	0.00912
4356.4	0.00914
4372.8	0.00915
4389.8	0.00916
4407.5	0.00918
4426.2	0.00919
4445.9	0.0092
4466.9	0.00921
4489.3	0.00922
4513.4	0.00924
4539.4	0.00925
4567.7	0.00927
4598.5	0.00928
4632	0.0093
4668.5	0.00932
4708.2	0.00934
4750.8	0.00936
4796.2	0.00938
4843.6	0.0094
4892.4	0.00943
4941.6	0.00945
4990.6	0.00948
5038.4	0.00949
5084.6	0.00952
5128.3	0.00953
5169.3	0.00957
5207.1	0.00954
5241.2	0.00962
5271.7	0.00961
5299	0.00952
5322.9	0.00962
5344.1	0.00978
5362.6	0.00973
5378.9	0.0095
5393.1	0.00937
5405.5	0.00943
5416.4	0.00965
5430.2	0.01002
5441.3	0.01025
5452.5	0.01024
5462.9	0.00989
5473.6	0.00928
5484	0.00881
5495.1	0.00876
5506	0.00924
5517.1	0.01014
5527.6	0.0113
5537.9	0.01287
5547.9	0.01614
5557.9	0.02255
5568	0.03127
5578.1	0.04025
5588.3	0.04919
5598.5	0.05804
5608.7	0.06687
5618.9	0.07567
5629	0.08432
5639.2	0.09293
5649.5	0.1016
5660	0.11032
5670.4	0.11892
5680.5	0.12718
5690.7	0.1355
5701	0.14381
5711.3	0.15207
5721.5	0.16016
5732.4	0.1687
5743	0.17699
5753.3	0.18496
5764.1	0.19329
5774.5	0.2012
5785.4	0.20944
5795.7	0.21714
5806.4	0.22513
5817.7	0.23341
5828.1	0.24103
5838.9	0.2489
5850.2	0.25703
5860.4	0.26436
5871.1	0.27189
5882.1	0.27964
5893.5	0.28761
5903.6	0.29462
5914	0.3018
5924.7	0.30916
5935.8	0.31669
5947.2	0.3244
5959	0.33229
5969.1	0.33902
5979.5	0.34588
5990.1	0.35288
6001	0.36001
6012.2	0.36729
6023.7	0.37471
6035.5	0.38228
6047.7	0.39
6060.1	0.39787
6070.3	0.40428
6080.7	0.41079
6091.4	0.4174
6102.3	0.42412
6113.4	0.43094
6124.7	0.43787
6136.3	0.44491
6148.2	0.45206
6160.3	0.45932
6172.7	0.4667
6185.4	0.47419
6198.4	0.4818
6211.6	0.48953
6221.8	0.49541
6232.1	0.50135
6242.5	0.50737
6253.2	0.51345
6264.1	0.51961
6275.1	0.52584
6286.3	0.53214
6297.8	0.53852
6309.4	0.54497
6321.3	0.5515
6333.3	0.5581
6345.6	0.56478
6358.1	0.57154
6370.9	0.57837
6383.8	0.58529
6397.1	0.59228
6410.6	0.59935
6424.3	0.6065
6438.4	0.61373
6452.7	0.62103
6467.4	0.62837
6482.3	0.63573
6497.1	0.64292
6508.5	0.64828
6518.7	0.65278
6528.7	0.14969
6538.7	0.00928
6548.8	0.00299
6558.9	0.00261
6569.8	0.00267
6579.9	0.00276
6590.2	0.00287
6602.3	0.00302
6613.6	0.00318
6626	0.00337
6636.8	0.00355
6648.3	0.00375
6660.7	0.00399
6674	0.00426
6684.6	0.00449
6695.9	0.00474
6707.8	0.00501
6720.5	0.0053
6733.9	0.00561
6748.2	0.00594
6758.2	0.00617
6768.7	0.00641
6779.6	0.00666
6790.9	0.0069
6802.8	0.00715
6815.2	0.00739
6828.2	0.00763
6841.8	0.00786
6856	0.00806
6870.8	0.00825
6886.2	0.00841
6902	0.00854
6918.2	0.00865
6934.8	0.00874
6951.6	0.00881
6968.6	0.00886
6985.9	0.0089
7003.5	0.00894
7021.4	0.00897
7039.8	0.00899
7058.6	0.00901
7078.1	0.00903
7098.4	0.00904
7119.6	0.00906
7141.8	0.00907
7165.3	0.00909
7190.3	0.0091
7217	0.00912
7245.5	0.00914
7276.3	0.00915
7309.5	0.00917
7345.3	0.00919
7384	0.00921
7425.6	0.00923
7470	0.00926
7517.1	0.00928
7566.2	0.00931
7616.8	0.00933
7668.2	0.00936
7719.5	0.00938
7770.1	0.00941
7819.5	0.00943
7867.1	0.00945
7912.6	0.00948
7955.7	0.00949
7996.2	0.00951
8034	0.00953
8069	0.00954
8101.2	0.00956
8130.6	0.00957
8157.3	0.00957
8181.2	0.00959
8202.7	0.00961
8221.8	0.00961
8238.6	0.0096
8253.4	0.0096
8266.5	0.00962
8277.9	0.00964
8287.9	0.00967
8300.7	0.00968
8311.3	0.00967
8322.8	0.00964
8334.3	0.00959
8345.4	0.00958
8356.6	0.0096
8367.5	0.00967
8377.8	0.00975
8390	0.00982
8402.6	0.00982
8415.2	0.00969
8427	0.00952
8441.8	0.0094
8454.1	0.0095
8468.2	0.00984
8483	0.01028
8494.9	0.01044
8507.7	0.01014
8518.6	0.00947
8529.5	0.00879
8542.8	0.00862
8555.5	0.00931
8567.7	0.01059
8578.1	0.01228
8588.1	0.01579
8598.1	0.02224
8608.2	0.03094
8618.3	0.03988
8628.3	0.04868
8638.4	0.05748
8648.5	0.0662
8658.6	0.07491
8668.6	0.08347
8678.7	0.09198
8688.9	0.10056
8699.3	0.10918
8709.6	0.11768
8720.1	0.12633
8730.3	0.13458
8740.5	0.14282
8750.8	0.151
8760.9	0.15902
8771.6	0.16746
8782.2	0.17566
8792.4	0.18354
8803.1	0.19178
8813.4	0.19959
8824.2	0.20772
8834.4	0.21532
8845	0.22319
8856.2	0.23135
8866.5	0.23885
8877.2	0.2466
8888.3	0.25459
8898.4	0.26179
8908.9	0.26919
8919.8	0.27679
8931	0.28461
8942.7	0.29264
8953	0.29969
8963.7	0.30692
8974.6	0.31431
8985.9	0.32187
8997.6	0.32961
9009.6	0.33753
9019.9	0.34426
9030.5	0.35113
9041.4	0.35813
9052.5	0.36526
9063.9	0.37253
9075.7	0.37993
9087.7	0.38748
9100.1	0.39516
9110.3	0.40142
9120.6	0.40777
9131.2	0.41421
9142.1	0.42075
9153.1	0.42739
9164.4	0.43413
9176	0.44096
9187.8	0.4479
9200	0.45493
9212.3	0.46207
9225	0.46932
9238	0.47666
9251.3	0.4841
9261.5	0.48975
9271.9	0.49546
9282.5	0.50122
9293.2	0.50703
9304.2	0.51288
9315.4	0.51877
9326.8	0.52469
9338.3	0.53059
9349.9	0.53643
9361.3	0.54201
9371.5	0.54681
9381.5	0.55035
9391.5	0.05382
9401.5	0.00524
9411.5	0.00275
9421.9	0.00265
9432.7	0.00273
9443	0.00284
9454.3	0.00297
9465	0.00311
9476.8	0.00329
9487	0.00345
9498	0.00364
9509.8	0.00386
9522.4	0.00411
9532.5	0.00432
9543.1	0.00455
9554.3	0.0048
9566.2	0.00507
9578.8	0.00537
9592	0.00568
9606.1	0.00602
9621	0.00637
9631.4	0.00662
9642.2	0.00686
9653.4	0.00711
9665	0.00736
9677.1	0.0076
9689.7	0.00783
9702.7	0.00805
9716.2	0.00825
9730.1	0.00843
9744.2	0.00857
9758.6	0.0087
9773.2	0.00879
9787.8	0.00887
9802.4	0.00893
9817.1	0.00898
9831.8	0.00902
9846.7	0.00905
9861.6	0.00908
9876.8	0.0091
9892.3	0.00912
9908.1	0.00913
9924.5	0.00915
9941.5	0.00916
9959.2	0.00917
9977.8	0.00919
9997.4	0.0092
10018	0.00921
10041	0.00922
10065	0.00924
10091	0.00925
10119	0.00927
10149	0.00928
10183	0.0093
10219	0.00932
10258	0.00934
10301	0.00936
10346	0.00938
10393	0.0094
10442	0.00943
10491	0.00945
10540	0.00948
10588	0.00949
10635	0.00952
10679	0.00953
10720	0.00957
10758	0.00954
10792	0.00961
10823	0.00962
10850	0.00952
10874	0.00961
10896	0.00978
10914	0.00974
10931	0.00952
10945	0.00937
10958	0.00942
10969	0.00963
10982	0.01001
10994	0.01025
11005	0.01024
11015	0.0099
11026	0.00929
11037	0.00881
11048	0.00876
11059	0.00923
11070	0.01012
11080	0.01127
11090	0.01284
11100	0.01605
11111	0.02242
11121	0.0311
11131	0.04
11141	0.04891
11151	0.05769
11161	0.06646
11171	0.0752
11181	0.08379
11191	0.09235
11202	0.10096
11212	0.10962
11222	0.11816
11232	0.12637
11242	0.13463
11253	0.14289
11263	0.15109
11273	0.15913
11284	0.16761
11294	0.17585
11304	0.18376
11315	0.19204
11326	0.1999
11336	0.20808
11347	0.21574
11357	0.22367
11368	0.2319
11379	0.23947
11389	0.24729
11401	0.25536
11411	0.26265
11421	0.27013
11432	0.27783
11444	0.28575
11454	0.29272
11464	0.29985
11475	0.30716
11486	0.31464
11497	0.3223
11509	0.33015
11519	0.33683
11529	0.34365
11539	0.3506
11550	0.35769
11561	0.36492
11573	0.37229
11584	0.37981
11596	0.38748
11609	0.39531
11619	0.40167
11629	0.40814
11640	0.41471
11651	0.42139
11662	0.42817
11673	0.43506
11684	0.44205
11696	0.44916
11708	0.45637
11720	0.4637
11733	0.47115
11746	0.47871
11759	0.48639
11769	0.49223
11779	0.49814
11790	0.50412
11800	0.51016
11811	0.51628
11822	0.52247
11833	0.52874
11844	0.53507
11856	0.54148
11868	0.54797
11880	0.55453
11892	0.56117
11904	0.56789
11917	0.57468
11930	0.58155
11943	0.5885
11956	0.59553
11970	0.60264
11984	0.60983
11998	0.61709
12012	0.62441
12027	0.63177
12042	0.63909
12056	0.64602
12067	0.65067
12077	0.60386
12087	0.03076
12097	0.00423
12107	0.00267
12117	0.00263
12128	0.00272
12138	0.00282
12150	0.00296
12161	0.0031
12173	0.00327
12183	0.00344
12194	0.00362
12206	0.00384
12218	0.00409
12229	0.0043
12239	0.00453
12251	0.00479
12263	0.00506
12276	0.00535
12289	0.00567
12304	0.00601
12314	0.00624
12324	0.00648
12335	0.00673
12347	0.00697
12359	0.00722
12372	0.00746
12385	0.0077
12398	0.00792
12413	0.00812
12428	0.0083
12443	0.00845
12459	0.00858
12476	0.00868
12492	0.00876
12509	0.00882
12526	0.00888
12544	0.00891
12561	0.00895
12579	0.00897
12598	0.009
12617	0.00901
12637	0.00903
12657	0.00905
12679	0.00906
12701	0.00908
12725	0.00909
12751	0.00911
12778	0.00912
12807	0.00914
12838	0.00916
12872	0.00918
12909	0.0092
12949	0.00922
12991	0.00924
13036	0.00927
13084	0.00929
13134	0.00932
13185	0.00934
13236	0.00937
13287	0.00939
13337	0.00942
13386	0.00944
13433	0.00946
13478	0.00948
13520	0.0095
13560	0.00952
13597	0.00953
13631	0.00955
13663	0.00957
13691	0.00957
13717	0.00958
13740	0.0096
13761	0.00961
13780	0.00961
13796	0.0096
13810	0.0096
13823	0.00962
13834	0.00965
13848	0.00968
13859	0.00968
13872	0.00965
13882	0.00961
13892	0.00958
13902	0.00958
13913	0.00962
13925	0.0097
13935	0.00979
13946	0.00983
13957	0.00981
13970	0.00966
13982	0.00948
13998	0.0094
14011	0.00957
14025	0.00997
14040	0.01037
14052	0.01041
14064	0.00995
14075	0.00921
14087	0.00862
14098	0.00871
14109	0.00937
14119	0.01042
14129	0.012
14139	0.01501
14149	0.02118
14160	0.02977
14170	0.03869
14180	0.04751
14190	0.05639
14200	0.0652
14210	0.07405
14221	0.08281
14231	0.09161
14241	0.10015
14251	0.10873
14262	0.11719
14272	0.12581
14282	0.13402
14292	0.14223
14303	0.15037
14313	0.15835
14323	0.16676
14334	0.17493
14344	0.18277
14355	0.19098
14365	0.19875
14376	0.20685
14386	0.21442
14396	0.22226
14408	0.23039
14418	0.23786
14428	0.24557
14440	0.25353
14450	0.2607
14460	0.26807
14471	0.27564
14482	0.28342
14494	0.29142
14504	0.29845
14514	0.30564
14525	0.313
14537	0.32053
14548	0.32824
14560	0.33613
14570	0.34284
14581	0.34968
14592	0.35665
14603	0.36375
14614	0.37099
14626	0.37836
14638	0.38588
14650	0.39354
14660	0.39977
14671	0.40609
14681	0.41251
14692	0.41903
14703	0.42564
14714	0.43235
14726	0.43916
14737	0.44607
14749	0.45308
14762	0.46019
14774	0.4674
14787	0.47472
14801	0.48214
14811	0.48777
14821	0.49346
14831	0.4992
14842	0.50499
14853	0.51083
14864	0.51671
14875	0.52262
14887	0.52853
14899	0.5344
14910	0.54011
14921	0.54528
14931	0.54992
14941	0.1414
14951	0.0086
14961	0.00296
14972	0.00264
14982	0.0027
14993	0.00281
15003	0.00293
15014	0.00306
15025	0.00322
15038	0.00342
15048	0.0036
15060	0.00381
15073	0.00406
15086	0.00434
15097	0.00457
15108	0.00482
15120	0.00509
15132	0.00539
15146	0.00571
15160	0.00604
15175	0.0064
15185	0.00664
15196	0.00689
15207	0.00714
15219	0.00738
15231	0.00763
15244	0.00786
15257	0.00807
15270	0.00827
15284	0.00844
15298	0.00859
15313	0.00871
15327	0.0088
15342	0.00888
15357	0.00894
15371	0.00899
15386	0.00903
15401	0.00906
15416	0.00908
15431	0.0091
15447	0.00912
15462	0.00914
15479	0.00915
15496	0.00916
15514	0.00918
15532	0.00919
15552	0.0092
15573	0.00921
15596	0.00923
15620	0.00924
15646	0.00925
15674	0.00927
15705	0.00928
15739	0.0093
15776	0.00932
15815	0.00934
15858	0.00936
15904	0.00939
15951	0.00941
16000	0.00943
16049	0.00945
16098	0.00948
16146	0.0095
16192	0.00952
16236	0.00953
16276	0.00957
16314	0.00954
16348	0.00962
16378	0.00961
16406	0.00952
16429	0.00963
16450	0.00978
16469	0.00972
16485	0.00949
16499	0.00936
16511	0.00944
16522	0.00966
16536	0.01003
16547	0.01026
16558	0.01024
16568	0.00988
16579	0.00928
16590	0.00881
16601	0.00877
16612	0.00925
16623	0.01016
16633	0.01132
16643	0.01289
16653	0.01618
16663	0.02259
16674	0.03135
16684	0.04022
16694	0.04915
16704	0.058
16714	0.06682
16724	0.07561
16734	0.08425
16745	0.09286
16755	0.10152
16765	0.11024
16776	0.11883
16786	0.12709
16796	0.13539
16806	0.1437
16817	0.15195
16827	0.16004
16838	0.16857
16848	0.17685
16859	0.18481
16869	0.19314
16880	0.20104
16891	0.20927
16901	0.21697
16912	0.22495
16923	0.23323
16933	0.24084
16944	0.24871
16955	0.25683
16966	0.26415
16976	0.27168
16987	0.27942
16999	0.28739
17009	0.29439
17019	0.30157
17030	0.30891
17041	0.31644
17052	0.32414
17064	0.33204
17074	0.33876
17085	0.34561
17095	0.3526
17106	0.35973
17117	0.367
17129	0.37442
17141	0.38198
17153	0.38969
17165	0.39756
17175	0.40396
17186	0.41047
17196	0.41708
17207	0.42379
17218	0.43061
17230	0.43753
17241	0.44457
17253	0.45171
17265	0.45897
17278	0.46634
17290	0.47382
17303	0.48143
17316	0.48915
17327	0.49502
17337	0.50097
17347	0.50698
17358	0.51306
17369	0.51921
17380	0.52544
17391	0.53173
17403	0.5381
17414	0.54455
17426	0.55107
17438	0.55767
17450	0.56435
17463	0.5711
17475	0.57793
17488	0.58484
17502	0.59183
17515	0.5989
17529	0.60604
17543	0.61326
17557	0.62055
17572	0.6279
17587	0.63526
17602	0.64247
17613	0.6479
17623	0.65242
17633	0.20232
17643	0.01112
17653	0.00311
17663	0.00262
17674	0.00266
17685	0.00276
17696	0.00287
17708	0.00302
17719	0.00318
17731	0.00337
17742	0.00354
17754	0.00375
17766	0.00399
17779	0.00426
17790	0.00448
17801	0.00473
17813	0.005
17826	0.00529
17839	0.0056
17853	0.00594
17863	0.00617
17874	0.00641
17885	0.00665
17896	0.0069
17908	0.00714
17920	0.00739
17933	0.00762
17947	0.00785
17961	0.00806
17976	0.00824
17991	0.00841
18007	0.00854
18023	0.00865
18040	0.00874
18057	0.00881
18074	0.00886
18091	0.0089
18108	0.00894
18126	0.00897
18145	0.00899
18163	0.00901
18183	0.00903
18203	0.00904
18224	0.00906
18247	0.00907
18270	0.00909
18295	0.0091
18322	0.00912
18350	0.00914
18381	0.00915
18414	0.00917
18450	0.00919
18488	0.00921
18530	0.00923
18574	0.00926
18621	0.00928
18670	0.00931
18721	0.00933
18772	0.00936
18823	0.00938
18874	0.00941
18923	0.00943
18971	0.00945
19017	0.00947
19060	0.00949
19100	0.00951
19138	0.00953
19173	0.00954
19206	0.00956
19235	0.00957
19262	0.00957
19286	0.00959
19308	0.00961
19327	0.00961
19344	0.0096
19358	0.0096
19372	0.00961
19383	0.00964
19393	0.00967
19406	0.00968
19417	0.00967
19428	0.00964
19440	0.0096
19451	0.00958
19462	0.0096
19473	0.00967
19483	0.00975
19495	0.00982
19508	0.00982
19520	0.0097
19532	0.00952
19547	0.0094
19559	0.00949
19573	0.00983
19588	0.01027
19600	0.01044
19613	0.01017
19624	0.00949
19634	0.00881
19648	0.00861
19658	0.00907
19668	0.01
19679	0.01139
19689	0.01375
19699	0.01938
19709	0.02707
19719	0.03592
19729	0.0448
19739	0.05362
19750	0.06242
19760	0.07118
19770	0.07981
19780	0.0883
19790	0.0969
19800	0.10557
19811	0.11423
19821	0.12263
19831	0.13114
19842	0.13971
19853	0.14829
19864	0.15679
19874	0.16512
19884	0.1732
19894	0.18097
19905	0.18909
19915	0.19679
19926	0.2048
19936	0.2123
19946	0.22006
19957	0.22811
19967	0.2355
19978	0.24314
19989	0.25102
20000	0.25915
20011	0.26648
20021	0.27401
20032	0.28175
20044	0.2897
20054	0.29669
20065	0.30384
20075	0.31116
20087	0.31865
20098	0.32631
20110	0.33415
20120	0.34082
20131	0.34762
20141	0.35455
20152	0.36162
20164	0.36882
20175	0.37615
20187	0.38362
20199	0.39124
20209	0.39744
20219	0.40372
20230	0.41011
20241	0.41659
20252	0.42316
20263	0.42983
20274	0.43661
20286	0.44348
20298	0.45045
20310	0.45753
20322	0.4647
20335	0.47198
20348	0.47936
20358	0.48497
20369	0.49062
20379	0.49634
20390	0.5021
20400	0.50792
20411	0.51378
20423	0.51968
20434	0.52559
20446	0.53149
20457	0.53731
20468	0.54282
20479	0.54762
20489	0.53455
20499	0.03168
20509	0.00423
20519	0.00268
20529	0.00266
20541	0.00276
20552	0.00288
20564	0.00302
20575	0.00317
20587	0.00336
20597	0.00354
20609	0.00374
20621	0.00397
20634	0.00424
20644	0.00446
20655	0.0047
20667	0.00497
20679	0.00525
20692	0.00556
20706	0.00589
20721	0.00624
20731	0.00648
20741	0.00672
20752	0.00697
20764	0.00722
20776	0.00746
20788	0.0077
20801	0.00793
20814	0.00814
20828	0.00833
20841	0.00849
20856	0.00863
20870	0.00874
20885	0.00883
20899	0.0089
20914	0.00896
20929	0.009
20944	0.00904
20958	0.00906
20974	0.00909
20989	0.00911
21004	0.00913
21021	0.00914
21037	0.00915
21054	0.00917
21072	0.00918
21091	0.00919
21112	0.0092
21133	0.00922
21156	0.00923
21181	0.00924
21208	0.00926
21237	0.00927
21269	0.00929
21303	0.00931
21341	0.00933
21382	0.00935
21425	0.00937
21472	0.00939
21520	0.00941
21569	0.00944
21618	0.00946
21667	0.00948
21714	0.00951
21759	0.00952
21802	0.00955
21842	0.00956
21878	0.00956
21911	0.00964
21940	0.00957
21966	0.00953
21989	0.00969
22009	0.00979
22027	0.00965
22042	0.00943
22056	0.00937
22068	0.0095
22078	0.00974
22091	0.0101
22102	0.01028
22112	0.0102
22124	0.00974
22134	0.00915
22144	0.00876
22156	0.00884
22168	0.00951
22179	0.01053
22191	0.01197
22201	0.01399
22211	0.01942
22221	0.02663
22231	0.03548
22241	0.04434
22251	0.05312
22261	0.06199
22271	0.07074
22282	0.07956
22292	0.08838
22302	0.097
22313	0.10568
22323	0.11435
22333	0.12278
22344	0.13131
22354	0.13991
22365	0.14852
22376	0.15705
22386	0.16542
22397	0.17354
22407	0.18135
22417	0.18952
22428	0.19727
22438	0.20534
22448	0.2129
22459	0.22073
22470	0.22885
22480	0.23632
22490	0.24403
22501	0.252
22511	0.25919
22522	0.26658
22532	0.27418
22544	0.28199
22555	0.29003
22565	0.29709
22576	0.30433
22587	0.31175
22598	0.31934
22609	0.32712
22621	0.33508
22632	0.34186
22642	0.34877
22653	0.35583
22664	0.36302
22675	0.37036
22687	0.37784
22699	0.38547
22711	0.39325
22721	0.39959
22731	0.40603
22742	0.41256
22752	0.41921
22763	0.42595
22775	0.4328
22786	0.43976
22798	0.44683
22810	0.45401
22822	0.4613
22834	0.46871
22847	0.47624
22860	0.48388
22873	0.49164
22884	0.49754
22894	0.50351
22905	0.50955
22915	0.51566
22926	0.52185
22937	0.5281
22949	0.53443
22960	0.54084
22972	0.54731
22984	0.55387
22996	0.5605
23008	0.56721
23021	0.57399
23034	0.58086
23047	0.5878
23060	0.59482
23074	0.60192
23088	0.6091
23102	0.61636
23116	0.62367
23131	0.63103
23146	0.63836
23160	0.64537
23171	0.65034
23181	0.63601
23191	0.038
23201	0.00459
23211	0.0027
23222	0.00263
23232	0.00271
23243	0.00281
23254	0.00294
23264	0.00308
23276	0.00324
23286	0.0034
23297	0.00359
23309	0.0038
23322	0.00405
23332	0.00425
23342	0.00448
23353	0.00472
23365	0.00499
23378	0.00528
23391	0.00559
23406	0.00592
23421	0.00627
23431	0.00651
23442	0.00676
23454	0.00701
23466	0.00725
23479	0.00749
23492	0.00773
23506	0.00795
23520	0.00814
23535	0.00832
23551	0.00847
23567	0.00859
23583	0.00869
23600	0.00877
23617	0.00883
23634	0.00888
23651	0.00892
23669	0.00895
23687	0.00898
23706	0.009
23725	0.00902
23745	0.00903
23765	0.00905
23787	0.00906
23810	0.00908
23834	0.00909
23859	0.00911
23887	0.00913
23916	0.00914
23948	0.00916
23982	0.00918
24019	0.0092
24059	0.00922
24102	0.00924
24147	0.00927
24195	0.00929
24245	0.00932
24296	0.00934
24348	0.00937
24399	0.00939
24449	0.00942
24498	0.00944
24544	0.00946
24589	0.00948
24631	0.0095
24670	0.00952
24707	0.00953
24741	0.00955
24772	0.00957
24800	0.00957
24826	0.00958
24849	0.0096
24869	0.00961
24887	0.00961
24903	0.0096
24917	0.0096
24930	0.00963
24940	0.00965
24954	0.00968
24966	0.00968
24978	0.00965
24990	0.0096
25002	0.00958
25013	0.00959
25024	0.00965
25034	0.00973
25046	0.00981
25058	0.00983
25069	0.00974
25080	0.00959
25094	0.00942
25105	0.00941
25118	0.00961
25132	0.01003
25148	0.01041
25159	0.01037
25171	0.00986
25182	0.0091
25194	0.00859
25207	0.00885
25218	0.00973
25230	0.01114
25240	0.01325
25250	0.0187
25260	0.02559
25270	0.03451
25281	0.04347
25291	0.05227
25301	0.06099
25311	0.06984
25321	0.07856
25331	0.08725
25341	0.09575
25352	0.10431
25362	0.11285
25372	0.12116
25382	0.12956
25393	0.13802
25403	0.14649
25414	0.15489
25424	0.16311
25434	0.1711
25445	0.17948
25456	0.18753
25466	0.19517
25476	0.20312
25487	0.21139
25498	0.21912
25509	0.22713
25519	0.2345
25529	0.2421
25540	0.24995
25551	0.25805
25562	0.26535
25572	0.27285
25583	0.28055
25595	0.28847
25605	0.29543
25615	0.30255
25626	0.30984
25637	0.3173
25649	0.32493
25661	0.33274
25671	0.33938
25681	0.34616
25692	0.35306
25703	0.36009
25714	0.36726
25725	0.37457
25737	0.38201
25749	0.3896
25762	0.39733
25772	0.40361
25782	0.41
25793	0.41647
25804	0.42305
25815	0.42972
25827	0.43649
25838	0.44336
25850	0.45033
25862	0.4574
25875	0.46458
25888	0.47185
25901	0.47923
25911	0.48483
25921	0.49049
25931	0.4962
25942	0.50197
25953	0.50779
25964	0.51365
25975	0.51954
25986	0.52546
25998	0.53136
26010	0.53717
26021	0.54269
26031	0.54753
26041	0.53879
26051	0.03364
26061	0.00432
26071	0.00269
26082	0.00266
26092	0.00275
26103	0.00286
26115	0.003
26125	0.00315
26137	0.00333
26148	0.0035
26159	0.00369
26171	0.00392
26184	0.00418
26194	0.0044
26205	0.00463
26216	0.00489
26229	0.00517
26241	0.00547
26255	0.0058
26269	0.00614
26279	0.00638
26290	0.00662
26300	0.00687
26312	0.00711
26323	0.00736
26335	0.0076
26348	0.00784
26361	0.00805
26375	0.00825
26388	0.00843
26403	0.00858
26417	0.0087
26431	0.00879
26446	0.00887
26461	0.00893
26475	0.00898
26490	0.00902
26505	0.00905
26520	0.00908
26535	0.0091
26551	0.00912
26567	0.00913
26583	0.00915
26600	0.00916
26618	0.00917
26636	0.00919
26656	0.0092
26677	0.00921
26699	0.00922
26723	0.00924
26749	0.00925
26777	0.00927
26808	0.00928
26841	0.0093
26878	0.00932
26917	0.00934
26960	0.00936
27005	0.00938
27052	0.0094
27101	0.00943
27150	0.00945
27199	0.00948
27247	0.00949
27293	0.00952
27337	0.00953
27378	0.00957
27416	0.00954
27451	0.00961
27481	0.00962
27509	0.00952
27533	0.00961
27554	0.00978
27573	0.00973
27589	0.00951
27603	0.00937
27616	0.00942
27627	0.00964
27641	0.01001
27652	0.01025
27663	0.01024
27674	0.0099
27684	0.00929
27695	0.00881
27706	0.00876
27717	0.00923
27728	0.01012
27738	0.01128
27749	0.01285
27759	0.01606
27769	0.02245
27779	0.03115
27789	0.04008
27799	0.04899
27809	0.0578
27819	0.06659
27829	0.07535
27840	0.08395
27850	0.09253
27860	0.10116
27870	0.10984
27881	0.1184
27891	0.12662
27901	0.1349
27911	0.14318
27921	0.15139
27932	0.15945
27942	0.16795
27953	0.1762
27963	0.18413
27974	0.19243
27984	0.2003
27995	0.2085
28005	0.21617
28016	0.22412
28027	0.23237
28038	0.23995
28048	0.24779
28060	0.25588
28070	0.26317
28080	0.27068
28091	0.27839
28103	0.28633
28113	0.29331
28123	0.30045
28134	0.30777
28145	0.31527
28156	0.32295
28168	0.33081
28178	0.33751
28188	0.34434
28199	0.3513
28209	0.3584
28221	0.36565
28232	0.37304
28244	0.38057
28256	0.38826
28268	0.3961
28278	0.40248
28289	0.40896
28299	0.41554
28310	0.42223
28321	0.42902
28332	0.43592
28344	0.44293
28356	0.45005
28368	0.45728
28380	0.46463
28393	0.47209
28406	0.47966
28419	0.48736
28429	0.49321
28439	0.49913
28450	0.50512
28460	0.51118
28471	0.51731
28482	0.52351
28493	0.52979
28504	0.53614
28516	0.54256
28528	0.54906
28540	0.55563
28552	0.56228
28564	0.56901
28577	0.57582
28590	0.5827
28603	0.58967
28616	0.59671
28630	0.60383
28644	0.61103
28658	0.6183
28673	0.62564
28688	0.633
28703	0.64029
28717	0.64708
28727	0.65175
28737	0.35045
28747	0.01613
28757	0.00343
28767	0.00263
28777	0.00264
28788	0.00274
28800	0.00286
28812	0.003
28823	0.00315
28835	0.00334
28846	0.00351
28857	0.00372
28869	0.00395
28882	0.00421
28893	0.00443
28904	0.00468
28916	0.00494
28928	0.00523
28942	0.00553
28956	0.00586
28971	0.00621
28981	0.00645
28992	0.00669
29004	0.00694
29016	0.00719
29028	0.00743
29041	0.00766
29055	0.00789
29069	0.00809
29084	0.00828
29099	0.00843
29115	0.00856
29132	0.00867
29148	0.00875
29165	0.00882
29182	0.00887
29199	0.00891
29217	0.00894
29235	0.00897
29253	0.00899
29272	0.00901
29292	0.00903
29312	0.00905
29334	0.00906
29356	0.00908
29380	0.00909
29405	0.00911
29432	0.00912
29461	0.00914
29492	0.00916
29526	0.00917
29562	0.00919
29601	0.00922
29643	0.00924
29688	0.00926
29735	0.00929
29785	0.00931
29836	0.00934
29887	0.00936
29938	0.00939
29989	0.00941
30038	0.00944
30085	0.00946
30130	0.00948
30173	0.0095
30213	0.00952
30250	0.00953
30285	0.00954
30317	0.00956
30346	0.00957
30372	0.00958
30396	0.0096
30417	0.00961
30435	0.00961
30452	0.0096
30466	0.0096
30479	0.00962
30490	0.00965
30505	0.00968
30516	0.00968
30529	0.00965
30539	0.00961
30550	0.00958
30560	0.00958
30571	0.00962
30582	0.0097
30593	0.00978
30604	0.00983
30614	0.00981
30627	0.00968
30639	0.0095
30654	0.0094
30667	0.00953
30681	0.00991
30696	0.01033
30708	0.01043
30721	0.01004
30731	0.00933
30743	0.00869
30754	0.00863
30765	0.00921
30775	0.0102
30785	0.01161
30796	0.01418
30806	0.01995
30816	0.02813
30826	0.03701
30836	0.04596
30846	0.05484
30856	0.06364
30866	0.07228
30877	0.08108
30887	0.08971
30897	0.09844
30907	0.10686
30917	0.11516
30928	0.12364
30938	0.13222
30948	0.14031
30958	0.14834
30969	0.15684
30980	0.16517
30990	0.17325
31000	0.18102
31011	0.18914
31021	0.19685
31031	0.20487
31041	0.21236
31052	0.22013
31063	0.22818
31073	0.23558
31083	0.24321
31094	0.2511
31106	0.25923
31116	0.26656
31127	0.27409
31138	0.28183
31149	0.28979
31160	0.29678
31170	0.30393
31181	0.31125
31192	0.31874
31204	0.32641
31216	0.33425
31226	0.34093
31236	0.34773
31247	0.35466
31258	0.36173
31269	0.36893
31281	0.37626
31293	0.38374
31305	0.39136
31315	0.39756
31325	0.40385
31336	0.41023
31346	0.41671
31357	0.42329
31368	0.42996
31380	0.43674
31391	0.44361
31403	0.45059
31416	0.45766
31428	0.46484
31441	0.47212
31454	0.47951
31464	0.48511
31474	0.49077
31485	0.49649
31495	0.50225
31506	0.50807
31517	0.51393
31528	0.51983
31540	0.52575
31551	0.53165
31563	0.53745
31574	0.54295
31584	0.54772
31594	0.52852
31604	0.02983
31614	0.00414
31624	0.00268
31635	0.00266
31646	0.00276
31657	0.00288
31669	0.00302
31680	0.00317
31692	0.00336
31703	0.00353
31714	0.00374
31726	0.00397
31739	0.00423
31750	0.00446
31761	0.0047
31772	0.00496
31785	0.00525
31798	0.00556
31811	0.00588
31826	0.00623
31836	0.00647
31847	0.00672
31858	0.00696
31869	0.00721
31881	0.00746
31893	0.0077
31906	0.00792
31919	0.00813
31933	0.00832
31947	0.00849
31961	0.00863
31975	0.00874
31990	0.00883
32005	0.0089
32019	0.00895
32034	0.009
32049	0.00903
32064	0.00906
32079	0.00909
32094	0.00911
32110	0.00913
32126	0.00914
32142	0.00915
32160	0.00917
32178	0.00918
32197	0.00919
32217	0.0092
32238	0.00922
32261	0.00923
32286	0.00924
32313	0.00926
32342	0.00927
32373	0.00929
32408	0.00931
32446	0.00933
32486	0.00935
32530	0.00937
32576	0.00939
32624	0.00941
32673	0.00944
32722	0.00946
32771	0.00948
32818	0.00951
32864	0.00952
32907	0.00955
32947	0.00956
32983	0.00955
33016	0.00964
33045	0.00957
33071	0.00953
33094	0.00969
33115	0.00979
33132	0.00966
33148	0.00944
33161	0.00937
33173	0.0095
33184	0.00974
33197	0.0101
33207	0.01028
33218	0.0102
33229	0.00974
33240	0.00915
33250	0.00876
33262	0.00884
33273	0.0095
33285	0.01052
33296	0.01197
33306	0.01399
33316	0.01941
33326	0.02665
33336	0.03551
33346	0.04437
33357	0.05316
33367	0.06204
33377	0.07079
33387	0.07963
33398	0.08846
33408	0.09708
33418	0.10577
33429	0.11444
33439	0.12288
33449	0.13142
33460	0.14003
33471	0.14864
33481	0.15718
33492	0.16556
33502	0.17369
33512	0.1815
33523	0.18968
33533	0.19744
33544	0.20552
33554	0.21308
33564	0.22091
33575	0.22904
33586	0.23652
33596	0.24424
33607	0.25222
33617	0.25941
33628	0.2668
33638	0.27441
33649	0.28223
33661	0.29027
33671	0.29735
33682	0.30459
33693	0.31201
33704	0.31961
33715	0.32739
33727	0.33536
33737	0.34215
33748	0.34907
33759	0.35613
33770	0.36333
33781	0.37067
33793	0.37816
33805	0.3858
33817	0.39359
33827	0.39993
33837	0.40637
33848	0.41291
33859	0.41956
33869	0.42631
33881	0.43317
33892	0.44013
33904	0.44721
33916	0.45439
33928	0.46169
33940	0.46911
33953	0.47664
33966	0.48428
33980	0.49205
33990	0.49796
34000	0.50393
34011	0.50998
34022	0.5161
34032	0.52228
34044	0.52854
34055	0.53488
34066	0.54129
34078	0.54777
34090	0.55433
34102	0.56097
34115	0.56768
34127	0.57447
34140	0.58134
34153	0.58829
34167	0.59532
34180	0.60242
34194	0.60961
34208	0.61686
34223	0.62419
34237	0.63155
34252	0.63887
34267	0.64583
34277	0.65068
34287	0.60628
34297	0.03118
34307	0.00425
34318	0.00267
34328	0.00263
34338	0.00271
34349	0.00282
34360	0.00295
34371	0.00309
34383	0.00326
34393	0.00343
34404	0.00361
34416	0.00383
34429	0.00408
34439	0.00429
34450	0.00452
34461	0.00477
34473	0.00504
34486	0.00533
34499	0.00565
34514	0.00598
34524	0.00622
34534	0.00646
34545	0.0067
34557	0.00695
34569	0.0072
34581	0.00744
34594	0.00767
34608	0.0079
34622	0.0081
34637	0.00828
34653	0.00844
34669	0.00857
34685	0.00867
34702	0.00875
34718	0.00882
34735	0.00887
34753	0.00891
34770	0.00894
34788	0.00897
34807	0.00899
34826	0.00901
34845	0.00903
34866	0.00905
34887	0.00906
34910	0.00908
34933	0.00909
34959	0.00911
34986	0.00912
35015	0.00914
35046	0.00916
35079	0.00918
35116	0.0092
35155	0.00922
35197	0.00924
35242	0.00926
35289	0.00929
35339	0.00931
35390	0.00934
35441	0.00936
35492	0.00939
35543	0.00941
35592	0.00944
35639	0.00946
35684	0.00948
35727	0.0095
35767	0.00952
35804	0.00953
35839	0.00954
35870	0.00956
35899	0.00957
35925	0.00958
35949	0.0096
35970	0.00961
35989	0.00961
36005	0.0096
36020	0.0096
36032	0.00962
36043	0.00965
36058	0.00968
36069	0.00968
36082	0.00965
36092	0.00961
36103	0.00958
36113	0.00958
36124	0.00962
36135	0.0097
36146	0.00978
36157	0.00983
36167	0.00981
36180	0.00967
36192	0.0095
36208	0.0094
36220	0.00954
36235	0.00992
36250	0.01034
36262	0.01043
36274	0.01001
36285	0.0093
36296	0.00867
36308	0.00866
36319	0.00927
36329	0.01028
36340	0.01184
36350	0.0146
36360	0.02057
36370	0.02904
36380	0.0379
36390	0.04675
36400	0.05563
36410	0.06432
36420	0.07305
36430	0.08165
36440	0.09034
36450	0.09876
36461	0.1072
36471	0.11554
36481	0.12404
36492	0.13265
36502	0.14077
36512	0.14882
36522	0.15735
36533	0.16571
36543	0.17382
36554	0.18161
36564	0.18976
36574	0.19749
36585	0.20553
36595	0.21305
36606	0.22084
36617	0.22892
36627	0.23634
36637	0.24401
36648	0.25192
36660	0.26008
36670	0.26743
36681	0.27498
36692	0.28275
36704	0.29073
36714	0.29774
36724	0.30492
36735	0.31226
36746	0.31977
36758	0.32746
36770	0.33533
36780	0.34203
36791	0.34885
36801	0.35581
36813	0.36289
36824	0.37012
36835	0.37748
36847	0.38497
36860	0.39262
36870	0.39883
36880	0.40514
36891	0.41155
36901	0.41805
36912	0.42464
36923	0.43134
36935	0.43813
36947	0.44503
36959	0.45202
36971	0.45912
36983	0.46632
36996	0.47362
37010	0.48103
37020	0.48665
37030	0.49232
37040	0.49805
37051	0.50383
37062	0.50966
37073	0.51554
37084	0.52144
37096	0.52736
37107	0.53324
37119	0.539
37130	0.54433
37140	0.54894
37150	0.3145
37160	0.01443
37170	0.00331
37180	0.00264
37191	0.00268
37201	0.00278
37212	0.00289
37224	0.00304
37235	0.0032
37247	0.0034
37258	0.00358
37270	0.00379
37282	0.00403
37295	0.0043
37306	0.00453
37317	0.00478
37329	0.00505
37341	0.00534
37354	0.00565
37368	0.00599
37383	0.00634
37394	0.00658
37404	0.00683
37415	0.00708
37427	0.00732
37439	0.00757
37452	0.0078
37465	0.00802
37478	0.00822
37492	0.0084
37506	0.00855
37520	0.00868
37535	0.00878
37549	0.00886
37564	0.00892
37579	0.00898
37593	0.00902
37608	0.00905
37623	0.00907
37638	0.0091
37654	0.00912
37669	0.00913
37686	0.00915
37703	0.00916
37720	0.00917
37739	0.00919
37758	0.0092
37779	0.00921
37801	0.00922
37825	0.00924
37850	0.00925
37878	0.00926
37908	0.00928
37941	0.0093
37977	0.00932
38016	0.00934
38058	0.00936
38103	0.00938
38150	0.0094
38199	0.00943
38248	0.00945
38297	0.00947
38345	0.00949
38392	0.00952
38436	0.00952
38478	0.00957
38516	0.00954
38551	0.0096
38582	0.00963
38610	0.00953
38635	0.00959
38656	0.00976
38676	0.00976
38692	0.00955
38707	0.00938
38720	0.0094
38731	0.0096
38745	0.00998
38756	0.01024
38768	0.01025
38779	0.00992
38790	0.00932
38800	0.00883
38811	0.00875
38822	0.00919
38833	0.01006
38843	0.0112
38854	0.01278
38864	0.01586
38874	0.02216
38884	0.03089
38894	0.03986
38904	0.04875
38914	0.05748
38924	0.06623
38935	0.07494
38945	0.08348
38955	0.09202
38965	0.1006
38975	0.10922
38985	0.11773
38996	0.12641
39006	0.13466
39016	0.14293
39027	0.15113
39037	0.15918
39047	0.16766
39058	0.17589
39068	0.18381
39079	0.19209
39089	0.19995
39100	0.20814
39110	0.21579
39121	0.22373
39132	0.23196
39142	0.23953
39153	0.24735
39164	0.25543
39175	0.26272
39185	0.27021
39196	0.27791
39207	0.28583
39217	0.29279
39228	0.29993
39238	0.30724
39249	0.31472
39261	0.32239
39272	0.33024
39282	0.33692
39293	0.34374
39303	0.35069
39314	0.35778
39325	0.36502
39337	0.37239
39348	0.37992
39360	0.38759
39373	0.39541
39383	0.40178
39393	0.40825
39404	0.41483
39414	0.4215
39426	0.42828
39437	0.43517
39448	0.44217
39460	0.44928
39472	0.45649
39484	0.46383
39497	0.47127
39510	0.47884
39523	0.48652
39533	0.49236
39543	0.49827
39554	0.50425
39564	0.5103
39575	0.51642
39586	0.52261
39597	0.52888
39608	0.53522
39620	0.54163
39632	0.54812
39644	0.55468
39656	0.56132
39668	0.56804
39681	0.57483
39694	0.58171
39707	0.58866
39720	0.59569
39734	0.6028
39748	0.60999
39762	0.61725
39776	0.62458
39791	0.63194
39806	0.63925
39820	0.64617
39830	0.65077
39840	0.58596
39850	0.02856
39860	0.00412
39871	0.00267
39881	0.00263
39892	0.00272
39903	0.00283
39914	0.00297
39925	0.00311
39937	0.00328
39947	0.00345
39959	0.00364
39970	0.00386
39983	0.00412
39994	0.00433
40004	0.00456
40016	0.00481
40028	0.00509
40041	0.00539
40055	0.00571
40069	0.00605
40079	0.00628
40090	0.00652
40101	0.00677
40113	0.00701
40125	0.00726
40137	0.0075
40151	0.00773
40165	0.00795
40179	0.00815
40194	0.00833
40210	0.00847
40226	0.0086
40242	0.00869
40259	0.00877
40276	0.00883
40293	0.00888
40310	0.00892
40328	0.00895
40346	0.00898
40365	0.009
40384	0.00902
40404	0.00903
40424	0.00905
40446	0.00907
40469	0.00908
40493	0.0091
40519	0.00911
40546	0.00913
40576	0.00914
40607	0.00916
40642	0.00918
40679	0.0092
40719	0.00922
40762	0.00925
40808	0.00927
40856	0.00929
40905	0.00932
40956	0.00935
41008	0.00937
41059	0.0094
41109	0.00942
41158	0.00944
41204	0.00946
41249	0.00948
41291	0.0095
41330	0.00952
41367	0.00953
41400	0.00955
41431	0.00957
41459	0.00957
41485	0.00958
41508	0.0096
41528	0.00961
41546	0.0096
41562	0.0096
41576	0.0096
41588	0.00963
41599	0.00965
41613	0.00968
41624	0.00968
41636	0.00965
41648	0.0096
41660	0.00958
41671	0.00959
41682	0.00965
41692	0.00973
41704	0.00981
41716	0.00983
41728	0.00974
41739	0.00959
41752	0.00942
41763	0.00941
41777	0.00962
41791	0.01004
41806	0.01041
41818	0.01036
41830	0.00984
41841	0.00908
41853	0.00858
41865	0.00887
41877	0.00976
41888	0.01118
41899	0.01329
41909	0.01877
41919	0.02571
41929	0.03462
41939	0.04349
41949	0.05229
41959	0.06101
41969	0.06987
41979	0.07859
41990	0.08729
42000	0.09579
42010	0.10435
42020	0.11289
42030	0.1212
42041	0.12961
42051	0.13807
42062	0.14655
42072	0.15494
42083	0.16317
42093	0.17116
42104	0.17955
42114	0.1876
42124	0.19524
42135	0.20319
42146	0.21147
42156	0.2192
42167	0.22722
42177	0.23459
42187	0.24219
42198	0.25005
42210	0.25815
42220	0.26545
42231	0.27295
42242	0.28065
42253	0.28857
42263	0.29554
42274	0.30266
42285	0.30995
42296	0.31741
42307	0.32505
42319	0.33286
42329	0.33951
42339	0.34628
42350	0.35319
42361	0.36023
42372	0.3674
42384	0.3747
42396	0.38215
42408	0.38974
42420	0.39747
42430	0.40376
42441	0.41014
42452	0.41662
42462	0.4232
42474	0.42987
42485	0.43664
42497	0.44352
42509	0.45049
42521	0.45756
42533	0.46474
42546	0.47202
42559	0.4794
42569	0.48501
42580	0.49066
42590	0.49638
42601	0.50215
42611	0.50796
42622	0.51382
42634	0.51972
42645	0.52563
42657	0.53154
42668	0.53735
42679	0.54285
42690	0.54764
42700	0.53293
42710	0.03121
42720	0.0042
42730	0.00268
42740	0.00266
42750	0.00274
42761	0.00286
42773	0.003
42784	0.00315
42796	0.00333
42806	0.0035
42817	0.00369
42829	0.00392
42842	0.00418
42852	0.0044
42863	0.00463
42875	0.00489
42887	0.00517
42900	0.00547
42913	0.0058
42927	0.00614
42937	0.00637
42948	0.00662
42959	0.00686
42970	0.00711
42981	0.00736
42994	0.0076
43006	0.00784
43019	0.00805
43033	0.00825
43046	0.00843
43061	0.00857
43075	0.0087
43090	0.00879
43104	0.00887
43119	0.00893
43134	0.00898
43148	0.00902
43163	0.00905
43178	0.00908
43193	0.0091
43209	0.00912
43225	0.00913
43241	0.00915
43258	0.00916
43276	0.00917
43294	0.00919
43314	0.0092
43335	0.00921
43357	0.00922
43381	0.00924
43407	0.00925
43435	0.00927
43466	0.00928
43499	0.0093
43536	0.00932
43575	0.00934
43618	0.00936
43663	0.00938
43710	0.0094
43759	0.00943
43808	0.00945
43857	0.00948
43905	0.00949
43951	0.00952
43995	0.00953
44036	0.00957
44074	0.00954
44108	0.00961
44139	0.00962
44167	0.00952
44191	0.00961
44212	0.00978
44231	0.00973
44247	0.00952
44261	0.00937
44274	0.00942
44285	0.00963
44299	0.01001
44310	0.01025
44321	0.01024
44332	0.0099
44343	0.00929
44353	0.00881
44364	0.00876
44375	0.00923
44386	0.01012
44397	0.01127
44407	0.01284
44417	0.01605
44427	0.02243
44437	0.03112
44447	0.04004
44457	0.04895
44467	0.05774
44477	0.06652
44488	0.07527
44498	0.08386
44508	0.09243
44518	0.10105
44528	0.10972
44539	0.11827
44549	0.12649
44559	0.13475
44569	0.14302
44579	0.15122
44589	0.15928
44600	0.16776
44611	0.17601
44621	0.18393
44632	0.19222
44642	0.20008
44653	0.20827
44663	0.21593
44674	0.22387
44685	0.23211
44695	0.23969
44706	0.24751
44717	0.2556
44727	0.26288
44738	0.27038
44749	0.27809
44760	0.28601
44770	0.29298
44781	0.30012
44791	0.30743
44802	0.31492
44814	0.32259
44825	0.33045
44835	0.33713
44846	0.34396
44856	0.35091
44867	0.35801
44878	0.36525
44890	0.37263
44901	0.38016
44913	0.38783
44926	0.39566
44936	0.40204
44946	0.40851
44957	0.41509
44968	0.42177
44979	0.42855
44990	0.43545
45001	0.44245
45013	0.44956
45025	0.45678
45037	0.46412
45050	0.47157
45063	0.47914
45076	0.48683
45086	0.49267
45096	0.49858
45107	0.50457
45117	0.51062
45128	0.51674
45139	0.52294
45150	0.52921
45162	0.53555
45173	0.54197
45185	0.54846
45197	0.55503
45209	0.56167
45221	0.56839
45234	0.57519
45247	0.58207
45260	0.58903
45273	0.59606
45287	0.60318
45301	0.61037
45315	0.61763
45330	0.62496
45344	0.63232
45359	0.63963
45374	0.6465
45385	0.65149
45395	0.42054
45405	0.01875
45415	0.00358
45425	0.00264
45435	0.00264
45447	0.00274
45458	0.00286
45470	0.003
45481	0.00316
45493	0.00334
45504	0.00352
45515	0.00372
45528	0.00395
45541	0.00422
45551	0.00444
45562	0.00468
45574	0.00495
45587	0.00523
45600	0.00554
45614	0.00587
45629	0.00622
45640	0.00646
45651	0.0067
45662	0.00695
45674	0.00719
45687	0.00744
45700	0.00767
45713	0.00789
45728	0.0081
45743	0.00828
45758	0.00844
45774	0.00857
45790	0.00867
45807	0.00875
45824	0.00882
45841	0.00887
45858	0.00891
45876	0.00894
45894	0.00897
45912	0.00899
45931	0.00901
45951	0.00903
45971	0.00905
45992	0.00906
46015	0.00908
46039	0.00909
46064	0.00911
46091	0.00912
46120	0.00914
46151	0.00916
46185	0.00918
46221	0.0092
46260	0.00922
46302	0.00924
46347	0.00926
46395	0.00929
46444	0.00931
46495	0.00934
46546	0.00936
46597	0.00939
46648	0.00941
46697	0.00944
46744	0.00946
46789	0.00948
46832	0.0095
46872	0.00952
46909	0.00953
46944	0.00954
46976	0.00956
47005	0.00957
47031	0.00958
47054	0.0096
47075	0.00961
47094	0.00961
47110	0.0096
47125	0.0096
47138	0.00962
47149	0.00965
47163	0.00968
47175	0.00968
47187	0.00965
47198	0.00961
47208	0.00958
47218	0.00958
47229	0.00962
47240	0.0097
47251	0.00978
47262	0.00983
47273	0.00981
47286	0.00968
47298	0.0095
47313	0.0094
47326	0.00954
47340	0.00992
47355	0.01034
47367	0.01043
47379	0.01002
47390	0.00931
47401	0.00867
47413	0.00865
47424	0.00924
47434	0.01025
47445	0.0118
47455	0.01459
47465	0.02055
47475	0.02894
47485	0.03779
47495	0.04661
47505	0.05544
47515	0.06435
47526	0.07308
47536	0.0817
47546	0.09039
47556	0.09881
47566	0.10726
47576	0.1156
47586	0.1241
47597	0.13272
47607	0.14084
47617	0.1489
47628	0.15743
47639	0.16579
47649	0.17391
47659	0.18171
47670	0.18986
47680	0.1976
47691	0.20564
47701	0.21317
47711	0.22096
47722	0.22904
47732	0.23647
47743	0.24414
47754	0.25205
47764	0.25918
47774	0.26651
47785	0.27404
47796	0.28178
47808	0.28973
47818	0.29672
47828	0.30387
47839	0.31119
47850	0.31868
47862	0.32634
47874	0.33418
47884	0.34086
47894	0.34766
47905	0.35459
47916	0.36165
47927	0.36885
47939	0.37619
47951	0.38366
47963	0.39128
47973	0.39748
47983	0.40377
47994	0.41015
48004	0.41663
48015	0.4232
48026	0.42988
48038	0.43665
48049	0.44352
48061	0.4505
48074	0.45757
48086	0.46475
48099	0.47203
48112	0.47941
48122	0.48501
48132	0.49067
48143	0.49639
48153	0.50216
48164	0.50797
48175	0.51383
48186	0.51973
48198	0.52565
48209	0.53155
48221	0.53736
48232	0.54286
48242	0.54765
48252	0.53272
48262	0.0311
48272	0.00418
48283	0.00269
48293	0.00266
48304	0.00275
48315	0.00287
48327	0.00302
48338	0.00317
48350	0.00336
48361	0.00353
48372	0.00373
48384	0.00397
48397	0.00423
48408	0.00445
48419	0.00469
48430	0.00496
48443	0.00524
48455	0.00555
48469	0.00588
48484	0.00622
48494	0.00646
48504	0.00671
48515	0.00696
48527	0.0072
48539	0.00745
48551	0.00769
48564	0.00792
48577	0.00813
48590	0.00832
48604	0.00848
48619	0.00862
48633	0.00873
48648	0.00882
48662	0.0089
48677	0.00895
48692	0.009
48706	0.00903
48721	0.00906
48736	0.00909
48752	0.00911
48767	0.00912
48783	0.00914
48800	0.00915
48817	0.00917
48835	0.00918
48854	0.00919
48874	0.0092
48896	0.00922
48918	0.00923
48943	0.00924
48970	0.00926
48999	0.00927
49030	0.00929
49065	0.00931
49102	0.00933
49143	0.00935
49187	0.00937
49233	0.00939
49281	0.00941
49330	0.00944
49379	0.00946
49428	0.00948
49475	0.00951
49521	0.00952
49563	0.00955
49603	0.00956
49640	0.00955
49673	0.00964
49702	0.00957
49729	0.00953
49752	0.00968
49772	0.00979
49790	0.00966
49805	0.00944
49819	0.00936
49831	0.00949
49841	0.00973
49855	0.01009
49865	0.01028
49876	0.01021
49887	0.00974
49898	0.00916
49908	0.00876
49920	0.00883
49931	0.00949
49943	0.0105
49954	0.01195
49964	0.01398
49974	0.0194
49985	0.0266
49995	0.03546
50005	0.0443
50015	0.05307
50025	0.06194
50035	0.07068
50045	0.07949
50056	0.0883
50066	0.09692
50076	0.10559
50087	0.11424
50097	0.12267
50107	0.13119
50118	0.13978
50129	0.14838
50139	0.15691
50150	0.16527
50160	0.17338
50170	0.18118
50181	0.18934
50191	0.19709
50202	0.20515
50212	0.2127
50222	0.22052
50233	0.22863
50243	0.2361
50254	0.24381
50265	0.25177
50276	0.25999
50287	0.2674
50297	0.27502
50308	0.28286
50320	0.29092
50330	0.29801
50341	0.30527
50352	0.31271
50363	0.32033
50375	0.32813
50387	0.33611
50397	0.34291
50407	0.34985
50418	0.35692
50429	0.36414
50441	0.3715
50452	0.379
50464	0.38666
50477	0.39446
50487	0.40082
50497	0.40727
50507	0.41383
50518	0.42049
50529	0.42726
50540	0.43413
50552	0.44111
50564	0.4482
50576	0.4554
50588	0.46272
50600	0.47015
50613	0.47769
50626	0.48536
50636	0.49119
50646	0.49708
50657	0.50305
50667	0.50908
50678	0.51519
50689	0.52137
50700	0.52762
50711	0.53394
50723	0.54034
50735	0.54681
50746	0.55336
50759	0.55998
50771	0.56668
50784	0.57346
50796	0.58032
50809	0.58726
50823	0.59428
50836	0.60137
50850	0.60854
50864	0.61579
50879	0.6231
50893	0.63046
50908	0.6378
50923	0.64485
50934	0.64996
50944	0.64994
50954	0.04886
50964	0.00514
50974	0.00273
50984	0.00262
50995	0.0027
51006	0.00281
51018	0.00294
51028	0.00308
51040	0.00325
51050	0.00341
51061	0.00359
51073	0.0038
51085	0.00405
51095	0.00425
51106	0.00448
51117	0.00473
51129	0.005
51142	0.00529
51155	0.0056
51169	0.00593
51185	0.00628
51195	0.00652
51206	0.00677
51218	0.00701
51230	0.00726
51243	0.0075
51256	0.00773
51270	0.00795
51284	0.00815
51299	0.00832
51315	0.00847
51331	0.0086
51347	0.00869
51364	0.00877
51381	0.00883
51398	0.00888
51415	0.00892
51433	0.00895
51451	0.00898
51470	0.009
51489	0.00902
51509	0.00903
51529	0.00905
51551	0.00907
51574	0.00908
51598	0.0091
51624	0.00911
51651	0.00913
51681	0.00914
51712	0.00916
51747	0.00918
51784	0.0092
51824	0.00922
51867	0.00925
51912	0.00927
51960	0.00929
52010	0.00932
52061	0.00935
52113	0.00937
52164	0.0094
52214	0.00942
52262	0.00944
52309	0.00946
52354	0.00948
52396	0.0095
52435	0.00952
52472	0.00953
52505	0.00955
52536	0.00957
52564	0.00957
52590	0.00958
52613	0.0096
52633	0.00961
52651	0.00961
52667	0.0096
52681	0.0096
52693	0.00963
52704	0.00965
52718	0.00968
52729	0.00968
52742	0.00965
52754	0.0096
52765	0.00958
52777	0.00959
52788	0.00965
52798	0.00973
52809	0.00981
52821	0.00983
52833	0.00974
52844	0.00959
52858	0.00942
52869	0.00941
52882	0.00962
52896	0.01004
52912	0.01041
52924	0.01036
52935	0.00984
52946	0.00908
52959	0.00858
52971	0.00887
52982	0.00976
52994	0.01119
53004	0.01329
53014	0.01877
53024	0.02581
53034	0.03471
53044	0.04364
53054	0.05246
53065	0.06122
53075	0.07011
53085	0.07886
53095	0.08759
53105	0.09612
53116	0.10472
53126	0.11329
53136	0.12163
53147	0.13007
53157	0.13857
53168	0.14707
53178	0.1555
53189	0.16376
53199	0.17178
53210	0.18019
53220	0.18828
53230	0.19594
53241	0.20393
53252	0.21223
53263	0.21999
53273	0.22804
53284	0.23543
53294	0.24307
53305	0.25095
53316	0.25907
53327	0.2664
53337	0.27393
53349	0.28166
53360	0.28961
53370	0.2966
53381	0.30375
53392	0.31106
53403	0.31855
53414	0.32621
53426	0.33405
53436	0.34072
53447	0.34752
53457	0.35445
53468	0.36151
53480	0.36871
53491	0.37604
53503	0.38351
53515	0.39112
53525	0.39732
53536	0.40361
53546	0.40999
53557	0.41646
53568	0.42304
53579	0.42971
53590	0.43648
53602	0.44335
53614	0.45032
53626	0.45739
53639	0.46457
53651	0.47185
53664	0.47923
53674	0.48483
53685	0.49048
53695	0.4962
53706	0.50196
53716	0.50778
53727	0.51364
53739	0.51953
53750	0.52545
53762	0.53135
53773	0.53717
53785	0.54269
53795	0.54752
53805	0.53899
53815	0.03362
53825	0.00431
53835	0.0027
53845	0.00265
53856	0.00275
53867	0.00286
53878	0.003
53889	0.00315
53901	0.00333
53912	0.0035
53923	0.0037
53935	0.00393
53948	0.00419
53958	0.00441
53969	0.00465
53981	0.00491
53993	0.00519
54006	0.00549
54019	0.00581
54034	0.00616
54044	0.00639
54054	0.00664
54065	0.00688
54076	0.00713
54088	0.00738
54100	0.00762
54113	0.00785
54126	0.00807
54139	0.00827
54153	0.00844
54167	0.00859
54182	0.0087
54196	0.0088
54211	0.00888
54225	0.00894
54240	0.00899
54255	0.00902
54270	0.00906
54285	0.00908
54300	0.0091
54315	0.00912
54331	0.00914
54348	0.00915
54365	0.00916
54383	0.00918
54401	0.00919
54421	0.0092
54442	0.00921
54464	0.00923
54489	0.00924
54515	0.00925
54543	0.00927
54574	0.00928
54608	0.0093
54644	0.00932
54684	0.00934
54727	0.00936
54772	0.00938
54819	0.00941
54868	0.00943
54918	0.00945
54966	0.00948
55014	0.0095
55060	0.00952
55104	0.00953
55145	0.00957
55183	0.00954
55217	0.00962
55247	0.00961
55274	0.00952
55298	0.00963
55319	0.00978
55338	0.00972
55354	0.0095
55368	0.00936
55380	0.00944
55391	0.00965
55405	0.01003
55416	0.01026
55427	0.01024
55438	0.00988
55448	0.00928
55459	0.00881
55470	0.00876
55481	0.00925
55492	0.01015
55502	0.01131
55512	0.01288
55522	0.01616
55533	0.02259
55543	0.03134
55553	0.0402
55563	0.04913
55573	0.05798
55583	0.06679
55593	0.07558
55603	0.08422
55614	0.09282
55624	0.10148
55634	0.11019
55645	0.11878
55655	0.12704
55665	0.13534
55675	0.14365
55686	0.15189
55696	0.15998
55707	0.1685
55717	0.17678
55728	0.18474
55738	0.19306
55749	0.20096
55760	0.20919
55770	0.21689
55781	0.22486
55792	0.23314
55802	0.24075
55813	0.24861
55824	0.25673
55835	0.26405
55845	0.27157
55856	0.27932
55868	0.28728
55878	0.29428
55888	0.30145
55899	0.30879
55910	0.31632
55921	0.32402
55933	0.33191
55943	0.33862
55953	0.34547
55964	0.35246
55975	0.35959
55986	0.36686
55998	0.37427
56009	0.38183
56021	0.38954
56034	0.3974
56044	0.4038
56055	0.41031
56065	0.41691
56076	0.42362
56087	0.43044
56098	0.43736
56110	0.44439
56122	0.45153
56134	0.45879
56146	0.46615
56159	0.47364
56172	0.48124
56185	0.48896
56195	0.49483
56206	0.50077
56216	0.50678
56227	0.51286
56238	0.51901
56249	0.52523
56260	0.53153
56271	0.53789
56283	0.54434
56295	0.55086
56307	0.55745
56319	0.56413
56331	0.57088
56344	0.5777
56357	0.58461
56370	0.5916
56384	0.59866
56398	0.60581
56412	0.61303
56426	0.62031
56440	0.62766
56455	0.63502
56470	0.64224
56482	0.64771
56492	0.65234
56502	0.2174
56512	0.01169
56522	0.00315
56532	0.00262
56543	0.00266
56554	0.00276
56564	0.00286
56576	0.00301
56587	0.00316
56599	0.00335
56610	0.00353
56622	0.00373
56634	0.00396
56647	0.00423
56658	0.00445
56669	0.0047
56681	0.00496
56693	0.00525
56706	0.00556
56721	0.00589
56736	0.00624
56746	0.00648
56757	0.00672
56769	0.00697
56781	0.00722
56793	0.00746
56806	0.0077
56820	0.00792
56835	0.00812
56850	0.0083
56865	0.00845
56881	0.00858
56897	0.00868
56914	0.00876
56931	0.00882
56948	0.00887
56965	0.00891
56983	0.00895
57001	0.00897
57019	0.009
57039	0.00901
57058	0.00903
57079	0.00905
57100	0.00906
57123	0.00908
57147	0.00909
57172	0.00911
57199	0.00912
57228	0.00914
57260	0.00916
57294	0.00918
57330	0.0092
57370	0.00922
57412	0.00924
57457	0.00927
57505	0.00929
57555	0.00932
57606	0.00934
57657	0.00937
57708	0.00939
57759	0.00942
57807	0.00944
57855	0.00946
57899	0.00948
57942	0.0095
57982	0.00952
58019	0.00953
58053	0.00955
58084	0.00957
58113	0.00957
58139	0.00958
58162	0.0096
58183	0.00961
58201	0.00961
58217	0.0096
58232	0.0096
58244	0.00962
58255	0.00965
58269	0.00968
58281	0.00968
58293	0.00965
58304	0.00961
58314	0.00958
58324	0.00958
58335	0.00962
58346	0.0097
58357	0.00979
58368	0.00983
58379	0.00981
58392	0.00966
58404	0.00949
58420	0.0094
58432	0.00957
58447	0.00997
58462	0.01037
58474	0.01041
58486	0.00995
58497	0.00922
58509	0.00863
58520	0.00871
58531	0.00937
58541	0.01041
58551	0.012
58561	0.01501
58571	0.02117
58581	0.02974
58591	0.03864
58601	0.04745
58612	0.05631
58622	0.06512
58632	0.07395
58642	0.0827
58653	0.09149
58663	0.10002
58673	0.10859
58683	0.11703
58694	0.12565
58704	0.13384
58714	0.14204
58724	0.15017
58734	0.15814
58745	0.16654
58755	0.1747
58766	0.18253
58776	0.19072
58787	0.19849
58797	0.20658
58807	0.21413
58818	0.22196
58829	0.23008
58839	0.23754
58850	0.24524
58861	0.25319
58871	0.26035
58881	0.26771
58892	0.27528
58903	0.28305
58915	0.29103
58925	0.29805
58936	0.30524
58947	0.31259
58958	0.32011
58969	0.32781
58981	0.33569
58992	0.34239
59002	0.34922
59013	0.35618
59024	0.36327
59035	0.3705
59047	0.37787
59059	0.38538
59071	0.39302
59081	0.39925
59092	0.40556
59102	0.41197
59113	0.41848
59124	0.42508
59135	0.43179
59147	0.43859
59158	0.44549
59170	0.45249
59183	0.4596
59195	0.4668
59208	0.47411
59221	0.48152
59231	0.48715
59242	0.49283
59252	0.49856
59263	0.50435
59274	0.51018
59285	0.51606
59296	0.52196
59308	0.52788
59319	0.53376
59331	0.53949
59342	0.54476
59352	0.54931
59362	0.23648
59372	0.01176
59382	0.00316
59392	0.00264
59402	0.00269
59413	0.00279
59423	0.00291
59433	0.00303
59445	0.00319
59457	0.00338
59468	0.00355
59479	0.00376
59491	0.004
59504	0.00426
59515	0.00449
59526	0.00473
59538	0.005
59550	0.00529
59563	0.0056
59577	0.00593
59592	0.00628
59602	0.00652
59612	0.00677
59623	0.00701
59635	0.00726
59647	0.00751
59659	0.00774
59672	0.00797
59685	0.00818
59699	0.00836
59713	0.00852
59728	0.00865
59742	0.00876
59757	0.00884
59771	0.00891
59786	0.00896
59801	0.00901
59815	0.00904
59830	0.00907
59845	0.00909
59861	0.00911
59876	0.00913
59893	0.00914
59909	0.00916
59927	0.00917
59945	0.00918
59964	0.00919
59985	0.00921
60006	0.00922
60030	0.00923
60055	0.00925
60082	0.00926
60112	0.00928
60144	0.00929
60179	0.00931
60217	0.00933
60259	0.00935
60303	0.00937
60350	0.0094
60398	0.00942
60447	0.00944
60496	0.00947
60545	0.00948
60592	0.00952
60637	0.00952
60679	0.00956
60718	0.00955
60754	0.00957
60786	0.00964
60815	0.00955
60840	0.00955
60862	0.00972
60882	0.00978
60899	0.00961
60914	0.0094
60927	0.00938
60939	0.00954
60949	0.00979
60962	0.01013
60972	0.01028
60982	0.01018
60994	0.0097
61004	0.00913
61014	0.00875
61024	0.00881
61036	0.00941
61047	0.01039
61057	0.01157
61067	0.01332
61077	0.01762
61087	0.02433
61097	0.03323
61108	0.04208
61118	0.051
61128	0.05974
61138	0.06851
61148	0.07727
61158	0.08581
61168	0.09457
61178	0.103
61189	0.11142
61199	0.12011
61209	0.12845
61220	0.13685
61230	0.14526
61241	0.1536
61251	0.16178
61261	0.16972
61272	0.17806
61282	0.18608
61293	0.19446
61303	0.20242
61314	0.21071
61325	0.21846
61336	0.22649
61346	0.23389
61356	0.24152
61367	0.24941
61378	0.25755
61389	0.2649
61399	0.27245
61410	0.28021
61422	0.2882
61432	0.29522
61442	0.30242
61453	0.30979
61464	0.31733
61475	0.32506
61487	0.33297
61497	0.33971
61508	0.34658
61518	0.35359
61529	0.36074
61541	0.36804
61552	0.37547
61564	0.38306
61576	0.39079
61589	0.39868
61599	0.4051
61609	0.41162
61620	0.41825
61631	0.42498
61642	0.43181
61653	0.43876
61665	0.44581
61677	0.45297
61689	0.46025
61702	0.46764
61714	0.47515
61727	0.48278
61741	0.49052
61751	0.49641
61761	0.50237
61772	0.50839
61782	0.51449
61793	0.52066
61804	0.5269
61816	0.53322
61827	0.53961
61839	0.54607
61851	0.55261
61863	0.55922
61875	0.56592
61888	0.57269
61900	0.57954
61913	0.58647
61927	0.59347
61940	0.60056
61954	0.60772
61968	0.61496
61982	0.62227
61997	0.62962
62012	0.63697
62027	0.64409
62038	0.64937
62048	0.65339
62058	0.07345
62068	0.00625
62078	0.00281
62089	0.00262
62099	0.00269
62111	0.0028
62122	0.00292
62132	0.00305
62144	0.00322
62154	0.00337
62164	0.00355
62176	0.00376
62188	0.004
62202	0.00427
62212	0.0045
62224	0.00475
62236	0.00502
62248	0.00531
62262	0.00562
62276	0.00595
62286	0.00619
62297	0.00643
62307	0.00667
62319	0.00692
62331	0.00716
62343	0.00741
62356	0.00764
62370	0.00787
62384	0.00807
62399	0.00826
62414	0.00842
62430	0.00855
62446	0.00866
62463	0.00874
62480	0.00881
62497	0.00886
62514	0.00891
62532	0.00894
62550	0.00897
62568	0.00899
62587	0.00901
62607	0.00903
62627	0.00904
62648	0.00906
62670	0.00907
62694	0.00909
62719	0.0091
62746	0.00912
62775	0.00914
62805	0.00915
62839	0.00917
62875	0.00919
62914	0.00921
62955	0.00924
63000	0.00926
63047	0.00928
63096	0.00931
63147	0.00934
63198	0.00936
63250	0.00939
63300	0.00941
63350	0.00943
63397	0.00946
63442	0.00948
63485	0.00949
63526	0.00951
63563	0.00953
63598	0.00954
63630	0.00956
63660	0.00957
63686	0.00957
63710	0.0096
63731	0.00961
63750	0.00961
63767	0.0096
63782	0.0096
63794	0.00962
63806	0.00964
63820	0.00968
63832	0.00968
63845	0.00965
63855	0.00962
63866	0.00958
63876	0.00958
63887	0.00962
63898	0.00969
63909	0.00978
63920	0.00983
63930	0.00982
63943	0.00969
63955	0.00951
63970	0.0094
63982	0.00951
63996	0.00987
64011	0.0103
64023	0.01044
64036	0.01011
64047	0.00942
64058	0.00875
64071	0.00865
64084	0.00937
64096	0.01067
64106	0.01236
64116	0.01604
64126	0.02256
64136	0.03133
64146	0.04032
64156	0.04916
64166	0.05789
64176	0.06665
64187	0.07543
64197	0.08407
64207	0.09263
64217	0.10127
64228	0.10997
64238	0.11853
64248	0.12674
64258	0.13501
64268	0.14329
64279	0.15149
64289	0.15954
64300	0.16801
64310	0.17624
64320	0.18415
64331	0.19241
64342	0.20025
64352	0.2084
64363	0.21603
64373	0.22393
64384	0.23211
64395	0.23964
64406	0.24741
64417	0.25543
64427	0.26265
64437	0.27007
64448	0.2777
64460	0.28554
64470	0.29243
64480	0.29948
64491	0.3067
64502	0.31409
64513	0.32165
64525	0.32938
64537	0.33729
64547	0.34402
64557	0.35089
64568	0.35788
64579	0.36501
64591	0.37227
64603	0.37967
64615	0.38721
64627	0.39489
64637	0.40114
64647	0.40749
64658	0.41393
64669	0.42046
64680	0.4271
64691	0.43383
64703	0.44066
64715	0.44759
64727	0.45462
64739	0.46176
64752	0.469
64765	0.47633
64778	0.48378
64788	0.48942
64799	0.49513
64809	0.50088
64820	0.50669
64831	0.51254
64842	0.51843
64853	0.52434
64865	0.53025
64877	0.53609
64888	0.5417
64898	0.54658
64908	0.5506
64918	0.06266
64928	0.00563
64938	0.00277
64948	0.00264
64959	0.00272
64970	0.00283
64981	0.00297
64992	0.00311
65003	0.00328
65014	0.00344
65025	0.00363
65036	0.00385
65049	0.00409
65059	0.0043
65070	0.00453
65081	0.00478
65093	0.00505
65105	0.00534
65118	0.00566
65132	0.00599
65147	0.00634
65157	0.00659
65168	0.00683
65179	0.00708
65191	0.00733
65203	0.00757
65215	0.00781
65228	0.00803
65242	0.00823
65256	0.00841
65270	0.00856
65284	0.00868
65299	0.00878
65313	0.00886
65328	0.00893
65343	0.00898
65357	0.00902
65372	0.00905
65387	0.00908
65402	0.0091
65418	0.00912
65434	0.00913
65450	0.00915
65467	0.00916
65484	0.00917
65503	0.00919
65522	0.0092
65543	0.00921
65565	0.00922
65589	0.00924
65615	0.00925
65642	0.00926
65673	0.00928
65706	0.0093
65742	0.00932
65781	0.00934
65823	0.00936
65868	0.00938
65915	0.0094
65963	0.00943
66013	0.00945
66062	0.00947
66110	0.00949
66156	0.00952
66201	0.00952
66242	0.00957
66281	0.00954
66315	0.0096
66346	0.00963
66374	0.00953
66399	0.00959
66421	0.00976
66440	0.00975
66456	0.00955
66471	0.00938
66483	0.00941
66495	0.0096
66509	0.00998
66520	0.01024
66532	0.01025
66542	0.00992
66553	0.00931
66564	0.00882
66575	0.00875
66585	0.0092
66596	0.01007
66607	0.01122
66618	0.01279
66628	0.01589
66638	0.02221
66648	0.03091
66658	0.03989
66668	0.04879
66678	0.05753
66688	0.06628
66698	0.075
66708	0.08356
66718	0.0921
66729	0.10069
66739	0.10932
66749	0.11783
66760	0.12652
66770	0.13479
66780	0.14306
66790	0.15127
66801	0.15932
66811	0.16781
66822	0.17606
66832	0.18398
66843	0.19227
66853	0.20014
66864	0.20833
66874	0.21599
66885	0.22394
66896	0.23217
66906	0.23975
66917	0.24758
66928	0.25567
66939	0.26296
66949	0.27045
66960	0.27816
66971	0.28609
66981	0.29306
66992	0.30021
67002	0.30752
67013	0.31501
67025	0.32268
67036	0.33054
67046	0.33723
67057	0.34405
67067	0.35101
67078	0.35811
67089	0.36535
67101	0.37273
67112	0.38026
67124	0.38794
67137	0.39577
67147	0.40215
67157	0.40862
67168	0.4152
67179	0.42188
67190	0.42867
67201	0.43557
67213	0.44257
67224	0.44968
67236	0.45691
67249	0.46425
67261	0.4717
67274	0.47927
67287	0.48696
67297	0.49281
67308	0.49872
67318	0.50471
67329	0.51076
67339	0.51689
67350	0.52309
67361	0.52936
67373	0.5357
67384	0.54212
67396	0.54861
67408	0.55518
67420	0.56183
67433	0.56855
67445	0.57535
67458	0.58223
67471	0.58919
67485	0.59623
67498	0.60334
67512	0.61054
67526	0.6178
67541	0.62513
67556	0.63249
67571	0.6398
67585	0.64665
67596	0.65158
67606	0.39588
67616	0.01783
67626	0.00352
67636	0.00263
67647	0.00264
67658	0.00274
67669	0.00286
67681	0.00301
67692	0.00316
67705	0.00335
67715	0.00352
67727	0.00372
67739	0.00396
67752	0.00422
67763	0.00445
67774	0.00469
67786	0.00496
67798	0.00524
67812	0.00555
67826	0.00588
67841	0.00623
67851	0.00647
67862	0.00671
67874	0.00696
67886	0.00721
67898	0.00745
67911	0.00768
67925	0.00791
67939	0.00811
67954	0.00829
67970	0.00844
67986	0.00857
68002	0.00868
68019	0.00876
68036	0.00882
68053	0.00887
68070	0.00891
68088	0.00895
68106	0.00897
68124	0.00899
68143	0.00901
68163	0.00903
68183	0.00905
68205	0.00906
68227	0.00908
68251	0.00909
68276	0.00911
68303	0.00912
68333	0.00914
68364	0.00916
68398	0.00918
68434	0.0092
68473	0.00922
68516	0.00924
68561	0.00926
68608	0.00929
68658	0.00931
68709	0.00934
68760	0.00937
68811	0.00939
68862	0.00941
68911	0.00944
68958	0.00946
69003	0.00948
69045	0.0095
69085	0.00952
69122	0.00953
69157	0.00955
69188	0.00957
69217	0.00957
69243	0.00958
69266	0.0096
69287	0.00961
69306	0.00961
69322	0.0096
69337	0.0096
69349	0.00962
69360	0.00965
69375	0.00968
69386	0.00968
69399	0.00965
69409	0.00961
69419	0.00958
69430	0.00958
69440	0.00962
69452	0.0097
69463	0.00978
69473	0.00983
69484	0.00981
69497	0.00967
69509	0.00949
69524	0.0094
69537	0.00956
69552	0.00994
69567	0.01036
69579	0.01042
69591	0.00998
69602	0.00926
69613	0.00865
69625	0.00868
69636	0.00931
69646	0.01034
69656	0.01191
69666	0.01484
69676	0.02092
69687	0.02944
69697	0.0384
69707	0.04734
69717	0.05617
69727	0.06495
69737	0.07376
69748	0.08248
69758	0.09125
69768	0.09975
69778	0.1083
69788	0.11672
69799	0.12531
69809	0.13348
69819	0.14166
69829	0.14976
69839	0.15772
69850	0.16609
69860	0.17423
69870	0.18204
69881	0.19021
69891	0.19795
69902	0.20602
69912	0.21355
69923	0.22136
69934	0.22946
69944	0.2369
69954	0.24458
69965	0.25251
69975	0.25965
69986	0.26699
69997	0.27453
70008	0.28228
70019	0.29025
70029	0.29725
70040	0.30441
70051	0.31175
70062	0.31925
70074	0.32693
70085	0.33478
70096	0.34147
70106	0.34828
70117	0.35523
70128	0.3623
70139	0.36951
70151	0.37686
70163	0.38435
70175	0.39198
70185	0.39818
70195	0.40448
70206	0.41088
70216	0.41737
70227	0.42396
70239	0.43064
70250	0.43743
70262	0.44431
70274	0.45129
70286	0.45838
70299	0.46557
70311	0.47286
70324	0.48025
70335	0.48587
70345	0.49153
70355	0.49726
70366	0.50303
70377	0.50886
70388	0.51472
70399	0.52062
70410	0.52654
70422	0.53243
70434	0.53822
70445	0.54364
70455	0.54853
70465	0.40651
70475	0.01817
70485	0.00352
70495	0.00265
70506	0.00267
70516	0.00277
70528	0.00289
70540	0.00304
70551	0.0032
70563	0.00339
70574	0.00357
70586	0.00378
70598	0.00402
70611	0.00429
70622	0.00452
70633	0.00477
70645	0.00504
70657	0.00533
70670	0.00564
70684	0.00598
70699	0.00633
70709	0.00657
70720	0.00682
70731	0.00706
70743	0.00731
70755	0.00756
70767	0.00779
70780	0.00801
70794	0.00821
70807	0.00839
70822	0.00855
70836	0.00867
70850	0.00878
70865	0.00886
70880	0.00892
70894	0.00897
70909	0.00901
70924	0.00905
70939	0.00907
70954	0.0091
70969	0.00911
70985	0.00913
71001	0.00915
71018	0.00916
71036	0.00917
71054	0.00918
71074	0.0092
71094	0.00921
71116	0.00922
71140	0.00923
71165	0.00925
71193	0.00926
71223	0.00928
71256	0.0093
71292	0.00931
71331	0.00934
71373	0.00935
71417	0.00938
71464	0.0094
71513	0.00943
71562	0.00944
71611	0.00947
71659	0.00949
71706	0.00952
71750	0.00952
71792	0.00957
71831	0.00954
71866	0.00959
71897	0.00963
71925	0.00953
71950	0.00958
71972	0.00975
71991	0.00976
72008	0.00956
72022	0.00938
72035	0.0094
72047	0.00959
72061	0.00997
72072	0.01023
72084	0.01026
72095	0.00993
72106	0.00932
72116	0.00883
72127	0.00875
72138	0.00918
72149	0.01004
72159	0.01118
72170	0.01276
72180	0.0158
72190	0.02208
72200	0.03081
72210	0.03975
72220	0.04863
72231	0.05755
72241	0.0663
72251	0.07502
72261	0.08358
72271	0.09212
72281	0.10071
72292	0.10935
72302	0.11787
72313	0.12655
72323	0.13482
72333	0.1431
72343	0.15131
72353	0.15936
72364	0.16786
72375	0.1761
72385	0.18403
72396	0.19232
72406	0.20019
72417	0.20839
72427	0.21605
72438	0.224
72449	0.23224
72459	0.23982
72470	0.24765
72481	0.25574
72491	0.26303
72502	0.27053
72513	0.27824
72524	0.28617
72534	0.29314
72545	0.30029
72555	0.3076
72566	0.3151
72578	0.32277
72589	0.33063
72599	0.33732
72610	0.34415
72620	0.35111
72631	0.35821
72642	0.36545
72654	0.37283
72665	0.38036
72677	0.38805
72690	0.39588
72700	0.40226
72710	0.40873
72721	0.41532
72732	0.422
72743	0.42879
72754	0.43568
72765	0.44269
72777	0.4498
72789	0.45703
72802	0.46437
72814	0.47183
72827	0.4794
72840	0.48709
72850	0.49294
72861	0.49886
72871	0.50484
72882	0.5109
72892	0.51703
72903	0.52323
72914	0.5295
72926	0.53584
72937	0.54226
72949	0.54876
72961	0.55533
72973	0.56198
72986	0.5687
72998	0.57551
73011	0.58239
73024	0.58935
73038	0.59639
73051	0.60351
73065	0.6107
73080	0.61797
73094	0.6253
73109	0.63266
73124	0.63996
73138	0.64679
73149	0.65166
73159	0.37376
73169	0.01701
73179	0.00347
73189	0.00263
73200	0.00264
73211	0.00274
73223	0.00287
73235	0.00302
73246	0.00317
73258	0.00336
73269	0.00354
73280	0.00374
73293	0.00398
73306	0.00425
73317	0.00447
73328	0.00472
73340	0.00498
73352	0.00527
73366	0.00558
73380	0.00592
73395	0.00627
73406	0.00651
73417	0.00675
73428	0.007
73440	0.00724
73453	0.00749
73466	0.00772
73480	0.00794
73494	0.00814
73509	0.00831
73525	0.00847
73541	0.00859
73557	0.00869
73574	0.00877
73591	0.00883
73608	0.00888
73625	0.00892
73643	0.00895
73661	0.00898
73680	0.009
73699	0.00902
73719	0.00903
73739	0.00905
73761	0.00906
73783	0.00908
73808	0.00909
73833	0.00911
73860	0.00913
73890	0.00914
73921	0.00916
73956	0.00918
73993	0.0092
74032	0.00922
74075	0.00924
74121	0.00927
74168	0.00929
74218	0.00932
74269	0.00934
74321	0.00937
74372	0.00939
74422	0.00942
74471	0.00944
74518	0.00946
74562	0.00948
74604	0.0095
74644	0.00952
74681	0.00953
74714	0.00955
74746	0.00957
74774	0.00957
74800	0.00958
74823	0.0096
74843	0.00961
74861	0.00961
74877	0.0096
74891	0.0096
74904	0.00963
74915	0.00965
74929	0.00968
74940	0.00968
74952	0.00965
74964	0.0096
74976	0.00958
74987	0.00959
74998	0.00965
75008	0.00973
75020	0.00981
75032	0.00983
75044	0.00975
75055	0.0096
75068	0.00942
75079	0.00941
75092	0.0096
75107	0.01001
75122	0.0104
75134	0.01038
75145	0.00988
75156	0.00913
75169	0.00859
75181	0.00883
75192	0.00969
75204	0.01109
75214	0.01305
75224	0.01822
75234	0.02501
75244	0.03385
75254	0.04272
75264	0.05162
75275	0.06039
75285	0.06918
75295	0.07779
75305	0.08639
75315	0.09518
75325	0.10368
75336	0.11216
75346	0.12041
75356	0.12877
75366	0.13718
75377	0.14559
75387	0.15393
75398	0.16211
75408	0.17004
75418	0.17837
75429	0.18637
75440	0.19474
75450	0.20267
75461	0.21092
75472	0.21864
75482	0.22663
75493	0.23398
75503	0.24157
75514	0.2494
75525	0.25748
75535	0.26476
75546	0.27224
75557	0.27993
75568	0.28783
75579	0.29478
75589	0.30188
75600	0.30916
75611	0.3166
75622	0.32422
75634	0.33201
75644	0.33864
75654	0.3454
75665	0.35229
75676	0.35931
75687	0.36646
75699	0.37375
75710	0.38118
75723	0.38875
75735	0.39646
75745	0.40274
75756	0.4091
75766	0.41557
75777	0.42213
75788	0.42879
75800	0.43554
75811	0.4424
75823	0.44936
75835	0.45642
75848	0.46358
75860	0.47084
75874	0.4782
75887	0.48567
75897	0.49134
75908	0.49706
75918	0.50283
75929	0.50865
75940	0.51452
75951	0.52042
75963	0.52633
75974	0.53223
75986	0.53802
75997	0.54346
76008	0.54842
76018	0.43058
76028	0.01941
76038	0.00359
76048	0.00265
76058	0.00267
76070	0.00277
76082	0.0029
76092	0.00303
76103	0.00318
76115	0.00337
76126	0.00355
76137	0.00376
76149	0.00399
76162	0.00426
76173	0.00449
76184	0.00473
76196	0.005
76208	0.00529
76221	0.0056
76235	0.00593
76250	0.00628
76260	0.00652
76270	0.00676
76281	0.00701
76293	0.00726
76305	0.0075
76317	0.00774
76330	0.00796
76343	0.00817
76357	0.00836
76371	0.00852
76385	0.00865
76400	0.00876
76415	0.00884
76429	0.00891
76444	0.00896
76459	0.00901
76473	0.00904
76488	0.00907
76503	0.00909
76519	0.00911
76534	0.00913
76551	0.00914
76567	0.00916
76585	0.00917
76603	0.00918
76622	0.00919
76642	0.00921
76664	0.00922
76687	0.00923
76712	0.00925
76740	0.00926
76769	0.00928
76801	0.00929
76836	0.00931
76875	0.00933
76916	0.00935
76960	0.00937
77007	0.00939
77055	0.00942
77104	0.00944
77153	0.00947
77202	0.00948
77249	0.00951
77294	0.00952
77336	0.00956
77375	0.00955
77411	0.00957
77443	0.00964
77472	0.00955
77498	0.00955
77520	0.00972
77540	0.00978
77557	0.00961
77572	0.00941
77585	0.00938
77597	0.00953
77607	0.00979
77620	0.01013
77630	0.01028
77641	0.01019
77652	0.00971
77662	0.00913
77672	0.00875
77682	0.0088
77694	0.0094
77705	0.01037
77715	0.01156
77725	0.01331
77735	0.01757
77746	0.02428
77756	0.03317
77766	0.04215
77776	0.05107
77786	0.05984
77796	0.06862
77806	0.07739
77816	0.08595
77827	0.09471
77837	0.10316
77847	0.11159
77858	0.1203
77868	0.12865
77878	0.13707
77889	0.14549
77899	0.15384
77909	0.16204
77920	0.16999
77930	0.17835
77941	0.18637
77952	0.19478
77962	0.20275
77973	0.21105
77983	0.21881
77994	0.22686
78004	0.23426
78015	0.24191
78026	0.24981
78037	0.25797
78047	0.26532
78058	0.27289
78069	0.28066
78081	0.28866
78091	0.2957
78101	0.3029
78112	0.31028
78123	0.31784
78135	0.32558
78146	0.33351
78156	0.34026
78167	0.34714
78178	0.35416
78189	0.36132
78200	0.36863
78211	0.37607
78223	0.38367
78235	0.39142
78248	0.39931
78258	0.40575
78269	0.41228
78279	0.41892
78290	0.42566
78301	0.4325
78313	0.43946
78325	0.44652
78336	0.4537
78349	0.46099
78361	0.46839
78374	0.47591
78387	0.48355
78400	0.4913
78410	0.4972
78421	0.50317
78431	0.5092
78442	0.51531
78453	0.52149
78464	0.52774
78475	0.53407
78487	0.54047
78499	0.54694
78510	0.55349
78523	0.56012
78535	0.56682
78547	0.5736
78560	0.58046
78573	0.5874
78587	0.59442
78600	0.60151
78614	0.60869
78628	0.61594
78643	0.62325
78657	0.63061
78672	0.63794
78687	0.64499
78698	0.65006
78708	0.64773
78718	0.04554
78728	0.00496
78738	0.00272
78748	0.00262
78759	0.0027
78769	0.0028
78780	0.00293
78791	0.00306
78802	0.00323
78812	0.00338
78823	0.00356
78835	0.00377
78847	0.00401
78861	0.00429
78871	0.00451
78883	0.00476
78895	0.00504
78907	0.00533
78921	0.00564
78935	0.00598
78945	0.00621
78956	0.00645
78967	0.0067
78978	0.00694
78990	0.00719
79003	0.00743
79016	0.00767
79030	0.00789
79044	0.0081
79059	0.00828
79074	0.00843
79090	0.00856
79106	0.00867
79123	0.00875
79140	0.00882
79157	0.00887
79174	0.00891
79192	0.00894
79210	0.00897
79228	0.00899
79247	0.00901
79267	0.00903
79287	0.00905
79309	0.00906
79331	0.00908
79355	0.00909
79380	0.00911
79407	0.00912
79436	0.00914
79467	0.00916
79501	0.00918
79537	0.00919
79576	0.00922
79618	0.00924
79663	0.00926
79711	0.00929
79760	0.00931
79811	0.00934
79862	0.00936
79914	0.00939
79964	0.00941
80013	0.00944
80060	0.00946
80106	0.00948
80148	0.0095
80188	0.00952
80226	0.00953
80260	0.00954
80292	0.00956
80321	0.00957
80347	0.00958
80371	0.0096
80392	0.00961
80410	0.00961
80427	0.0096
80441	0.0096
80454	0.00962
80465	0.00965
80479	0.00968
80491	0.00968
80504	0.00965
80514	0.00961
80524	0.00958
80535	0.00958
80546	0.00962
80557	0.0097
80568	0.00978
80579	0.00983
80589	0.00981
80602	0.00968
80614	0.0095
80629	0.0094
80642	0.00954
80656	0.00991
80671	0.01034
80683	0.01043
80695	0.01003
80706	0.00932
80718	0.00868
80729	0.00864
80740	0.00923
80750	0.01023
80760	0.01164
80770	0.01419
80780	0.01996
80790	0.02806
80800	0.03693
80811	0.04585
80821	0.05471
80831	0.06348
80841	0.0721
80851	0.08088
80861	0.08949
80872	0.0982
80882	0.10659
80892	0.11488
80902	0.12333
80912	0.13189
80923	0.14051
80933	0.14855
80944	0.15706
80955	0.16541
80965	0.1735
80975	0.18128
80986	0.18942
80996	0.19713
81006	0.20516
81016	0.21267
81027	0.22044
81038	0.22851
81048	0.23592
81058	0.24357
81069	0.25146
81081	0.25961
81091	0.26695
81102	0.27449
81113	0.28224
81125	0.2902
81135	0.2972
81145	0.30437
81156	0.3117
81167	0.3192
81179	0.32688
81191	0.33473
81201	0.34141
81212	0.34823
81222	0.35517
81233	0.36224
81245	0.36945
81256	0.3768
81268	0.38429
81280	0.39191
81290	0.39812
81301	0.40442
81311	0.41081
81322	0.4173
81333	0.42389
81344	0.43057
81355	0.43735
81367	0.44424
81379	0.45122
81391	0.45831
81404	0.46549
81417	0.47278
81430	0.48018
81440	0.48579
81450	0.49145
81461	0.49718
81471	0.50295
81482	0.50877
81493	0.51464
81504	0.52054
81516	0.52646
81527	0.53235
81539	0.53814
81550	0.54356
81561	0.54848
81571	0.41669
81581	0.0187
81591	0.00354
81601	0.00265
81612	0.00267
81622	0.00277
81633	0.0029
81645	0.00305
81657	0.0032
81669	0.0034
81680	0.00358
81691	0.00379
81704	0.00403
81717	0.0043
81728	0.00453
81739	0.00478
81751	0.00505
81763	0.00534
81776	0.00566
81790	0.00599
81805	0.00634
81815	0.00658
81826	0.00683
81837	0.00708
81849	0.00733
81861	0.00757
81874	0.0078
81887	0.00802
81900	0.00823
81914	0.0084
81928	0.00856
81942	0.00868
81957	0.00878
81971	0.00886
81986	0.00893
82001	0.00898
82015	0.00902
82030	0.00905
82045	0.00908
82060	0.0091
82076	0.00912
82092	0.00913
82108	0.00915
82125	0.00916
82142	0.00917
82161	0.00919
82180	0.0092
82201	0.00921
82223	0.00922
82247	0.00924
82273	0.00925
82300	0.00926
82331	0.00928
82364	0.0093
82400	0.00932
82439	0.00934
82481	0.00936
82526	0.00938
82573	0.0094
82621	0.00943
82671	0.00945
82720	0.00947
82768	0.00949
82814	0.00952
82859	0.00952
82900	0.00957
82939	0.00954
82973	0.0096
83004	0.00963
83032	0.00953
83057	0.00959
83079	0.00976
83098	0.00976
83114	0.00955
83129	0.00938
83142	0.0094
83153	0.0096
83167	0.00998
83178	0.01024
83190	0.01025
83200	0.00992
83211	0.00931
83222	0.00882
83233	0.00875
83244	0.00919
83255	0.01006
83265	0.01121
83276	0.01278
83286	0.01588
83296	0.02219
83306	0.03087
83316	0.03984
83326	0.04873
83336	0.05767
83346	0.06644
83357	0.07518
83367	0.08376
83377	0.09232
83387	0.10093
83397	0.10958
83408	0.11812
83418	0.12633
83428	0.13459
83438	0.14284
83448	0.15104
83458	0.15908
83469	0.16756
83480	0.17579
83490	0.1837
83501	0.19198
83511	0.19983
83522	0.20801
83532	0.21566
83543	0.2236
83554	0.23182
83564	0.23939
83575	0.24721
83586	0.25528
83596	0.26256
83607	0.27004
83618	0.27774
83629	0.28566
83639	0.29262
83649	0.29975
83660	0.30706
83671	0.31454
83682	0.3222
83694	0.33004
83704	0.33672
83714	0.34353
83725	0.35048
83736	0.35757
83747	0.3648
83758	0.37217
83770	0.37969
83782	0.38736
83794	0.39518
83804	0.40154
83815	0.40801
83825	0.41458
83836	0.42125
83847	0.42803
83858	0.43491
83870	0.44191
83881	0.44901
83893	0.45622
83906	0.46355
83918	0.47099
83931	0.47855
83944	0.48623
83954	0.49207
83964	0.49798
83975	0.50395
83985	0.51
83996	0.51611
84007	0.5223
84018	0.52856
84030	0.5349
84041	0.54131
84053	0.54779
84065	0.55435
84077	0.56099
84089	0.5677
84102	0.57449
84115	0.58136
84128	0.58831
84141	0.59534
84155	0.60244
84169	0.60963
84183	0.61689
84197	0.62421
84212	0.63157
84227	0.63889
84242	0.64585
84252	0.65069
84262	0.60301
84272	0.0306
84282	0.00423
84292	0.00267
84302	0.00263
84313	0.00271
84323	0.00282
84335	0.00295
84346	0.00309
84357	0.00326
84368	0.00342
84379	0.00361
84390	0.00383
84403	0.00407
84413	0.00428
84424	0.00451
84435	0.00476
84447	0.00503
84460	0.00532
84473	0.00564
84488	0.00597
84498	0.00621
84508	0.00644
84519	0.00669
84531	0.00694
84543	0.00718
84555	0.00743
84568	0.00766
84582	0.00788
84596	0.00809
84611	0.00827
84626	0.00843
84642	0.00856
84659	0.00867
84675	0.00875
84692	0.00882
84709	0.00887
84726	0.00891
84744	0.00894
84762	0.00897
84780	0.00899
84799	0.00901
84819	0.00903
84839	0.00905
84861	0.00906
84883	0.00908
84907	0.00909
84932	0.00911
84959	0.00912
84987	0.00914
85018	0.00916
85052	0.00917
85088	0.00919
85127	0.00922
85169	0.00924
85214	0.00926
85261	0.00929
85311	0.00931
85361	0.00934
85413	0.00936
85464	0.00939
85515	0.00941
85564	0.00944
85611	0.00946
85656	0.00948
85699	0.0095
85739	0.00952
85777	0.00953
85811	0.00954
85843	0.00956
85872	0.00957
85899	0.00958
85922	0.0096
85943	0.00961
85962	0.00961
85979	0.0096
85993	0.0096
86006	0.00962
86017	0.00965
86032	0.00968
86044	0.00968
86056	0.00965
86067	0.00961
86077	0.00958
86087	0.00958
86098	0.00962
86109	0.0097
86120	0.00978
86131	0.00983
86142	0.00981
86154	0.00968
86166	0.0095
86182	0.0094
86194	0.00953
86208	0.0099
86223	0.01032
86235	0.01043
86248	0.01005
86259	0.00935
86270	0.0087
86281	0.00863
86292	0.0092
86303	0.01018
86313	0.01159
86323	0.01413
86333	0.01987
86343	0.02801
86353	0.03688
86363	0.04579
86373	0.05463
86383	0.0634
86394	0.07227
86404	0.08108
86414	0.0897
86425	0.09844
86435	0.10685
86445	0.11516
86455	0.12363
86466	0.13221
86476	0.14031
86486	0.14833
86496	0.15683
86507	0.16516
86517	0.17325
86527	0.18101
86538	0.18914
86548	0.19684
86559	0.20486
86569	0.21235
86579	0.22012
86590	0.22817
86600	0.23557
86611	0.24321
86622	0.25109
86633	0.25922
86643	0.26655
86654	0.27408
86665	0.28182
86677	0.28977
86687	0.29676
86697	0.30392
86708	0.31124
86719	0.31873
86731	0.3264
86743	0.33424
86753	0.34091
86763	0.34772
86774	0.35465
86785	0.36171
86796	0.36891
86808	0.37625
86820	0.38373
86832	0.39134
86842	0.39754
86852	0.40383
86863	0.41022
86874	0.4167
86885	0.42327
86896	0.42995
86907	0.43672
86919	0.4436
86931	0.45057
86943	0.45765
86955	0.46483
86968	0.47211
86981	0.47949
86991	0.48509
87002	0.49075
87012	0.49647
87023	0.50224
87033	0.50805
87044	0.51391
87056	0.51981
87067	0.52573
87079	0.53163
87090	0.53744
87101	0.54293
87112	0.5477
87122	0.52916
87132	0.02998
87142	0.00414
87152	0.00268
87163	0.00266
87173	0.00275
87184	0.00287
87196	0.00301
87207	0.00316
87219	0.00335
87229	0.00352
87241	0.00372
87253	0.00395
87266	0.00422
87276	0.00444
87287	0.00468
87299	0.00494
87311	0.00522
87324	0.00553
87337	0.00585
87352	0.0062
87362	0.00644
87372	0.00668
87383	0.00693
87395	0.00718
87406	0.00742
87419	0.00766
87431	0.00789
87444	0.00811
87458	0.0083
87472	0.00847
87486	0.00861
87501	0.00872
87515	0.00882
87530	0.00889
87545	0.00895
87559	0.00899
87574	0.00903
87589	0.00906
87604	0.00908
87619	0.0091
87635	0.00912
87651	0.00914
87667	0.00915
87684	0.00917
87702	0.00918
87721	0.00919
87741	0.0092
87762	0.00921
87785	0.00923
87809	0.00924
87836	0.00926
87865	0.00927
87896	0.00929
87930	0.0093
87967	0.00932
88008	0.00934
88051	0.00936
88097	0.00939
88144	0.00941
88193	0.00943
88243	0.00946
88291	0.00948
88339	0.0095
88385	0.00952
88428	0.00954
88468	0.00956
88505	0.00955
88539	0.00963
88568	0.00959
88595	0.00952
88618	0.00966
88639	0.00979
88657	0.00969
88673	0.00946
88687	0.00936
88699	0.00947
88709	0.0097
88723	0.01007
88734	0.01027
88744	0.01022
88755	0.00985
88765	0.00925
88776	0.00879
88787	0.00878
88798	0.0093
88809	0.01023
88819	0.0114
88830	0.01307
88840	0.01676
88850	0.02337
88860	0.03219
88870	0.04102
88880	0.04986
88890	0.0587
88901	0.06761
88911	0.07623
88921	0.08496
88931	0.09363
88941	0.10237
88951	0.11073
88962	0.11936
88972	0.12766
88982	0.136
88993	0.14435
89003	0.15264
89013	0.16077
89023	0.16866
89034	0.17695
89044	0.18491
89055	0.19324
89065	0.20115
89076	0.20939
89087	0.21709
89097	0.22507
89109	0.23335
89119	0.24097
89130	0.24884
89141	0.25697
89151	0.26429
89162	0.27183
89173	0.27957
89184	0.28754
89194	0.29455
89205	0.30173
89216	0.30908
89227	0.31661
89238	0.32432
89250	0.33221
89260	0.33894
89270	0.3458
89281	0.35279
89292	0.35992
89303	0.3672
89315	0.37462
89326	0.38218
89338	0.3899
89351	0.39777
89361	0.40418
89372	0.41069
89382	0.4173
89393	0.42401
89404	0.43084
89416	0.43776
89427	0.4448
89439	0.45195
89451	0.45921
89464	0.46659
89476	0.47408
89489	0.48168
89502	0.48941
89513	0.49529
89523	0.50123
89533	0.50724
89544	0.51333
89555	0.51949
89566	0.52571
89577	0.53201
89589	0.53839
89600	0.54484
89612	0.55136
89624	0.55797
89636	0.56464
89649	0.5714
89662	0.57823
89675	0.58515
89688	0.59214
89701	0.59921
89715	0.60636
89729	0.61359
89743	0.62088
89758	0.62823
89773	0.63558
89788	0.64278
89799	0.64816
89809	0.6526
89819	0.17458
89829	0.01016
89839	0.00305
89850	0.00261
89860	0.00266
89871	0.00277
89882	0.00288
89892	0.003
89903	0.00315
89915	0.00334
89926	0.00351
89937	0.00371
89949	0.00394
89962	0.00421
89973	0.00443
89984	0.00467
89996	0.00493
90008	0.00522
90021	0.00553
90035	0.00585
90050	0.0062
90061	0.00644
90072	0.00668
90083	0.00693
90095	0.00718
90108	0.00742
90121	0.00766
90134	0.00788
90149	0.00809
90163	0.00827
90179	0.00843
90195	0.00856
90211	0.00866
90228	0.00875
90244	0.00881
90262	0.00887
90279	0.00891
90296	0.00894
90314	0.00897
90333	0.00899
90352	0.00901
90371	0.00903
90392	0.00904
90413	0.00906
90435	0.00908
90459	0.00909
90484	0.00911
90511	0.00912
90540	0.00914
90571	0.00916
90604	0.00917
90641	0.00919
90680	0.00922
90722	0.00924
90766	0.00926
90814	0.00929
90863	0.00931
90914	0.00934
90965	0.00936
91016	0.00939
91067	0.00941
91116	0.00944
91163	0.00946
91209	0.00948
91251	0.0095
91292	0.00952
91329	0.00953
91364	0.00954
91396	0.00956
91425	0.00957
91451	0.00958
91475	0.0096
91496	0.00961
91515	0.00961
91531	0.0096
91546	0.0096
91559	0.00962
91570	0.00965
91584	0.00968
91596	0.00968
91609	0.00965
91619	0.00962
91630	0.00958
91640	0.00958
91651	0.00962
91662	0.0097
91673	0.00978
91684	0.00983
91694	0.00981
91707	0.00968
91719	0.0095
91734	0.0094
91747	0.00952
91761	0.00989
91776	0.01032
91788	0.01044
91800	0.01007
91811	0.00937
91822	0.00871
91833	0.00862
91845	0.00917
91855	0.01014
91865	0.01154
91875	0.01396
91885	0.01965
91895	0.02757
91905	0.03642
91915	0.04533
91926	0.05427
91936	0.06296
91946	0.07179
91956	0.08051
91966	0.08908
91977	0.09775
91987	0.10652
91997	0.1148
92007	0.12325
92018	0.1318
92028	0.14042
92039	0.14845
92049	0.15696
92060	0.16529
92070	0.17339
92080	0.18116
92091	0.18929
92101	0.197
92112	0.20502
92122	0.21252
92132	0.2203
92143	0.22835
92153	0.23576
92164	0.2434
92175	0.25129
92186	0.25943
92196	0.26676
92207	0.2743
92218	0.28205
92230	0.29001
92240	0.297
92251	0.30416
92261	0.31149
92273	0.31898
92284	0.32666
92296	0.3345
92306	0.34118
92317	0.34799
92327	0.35493
92338	0.362
92350	0.36921
92361	0.37655
92373	0.38403
92385	0.39165
92395	0.39785
92406	0.40415
92416	0.41054
92427	0.41702
92438	0.42361
92449	0.43029
92460	0.43706
92472	0.44394
92484	0.45092
92496	0.458
92509	0.46519
92522	0.47247
92535	0.47986
92545	0.48547
92555	0.49113
92565	0.49685
92576	0.50262
92587	0.50844
92598	0.51431
92609	0.52021
92621	0.52612
92632	0.53202
92644	0.53782
92655	0.54328
92665	0.54795
92675	0.50708
92685	0.0258
92695	0.00393
92705	0.00267
92715	0.00266
92725	0.00275
92736	0.00286
92748	0.00301
92759	0.00315
92771	0.00334
92781	0.00351
92793	0.00371
92805	0.00394
92818	0.0042
92828	0.00442
92839	0.00466
92850	0.00492
92862	0.0052
92875	0.0055
92889	0.00583
92903	0.00617
92913	0.00641
92924	0.00665
92935	0.0069
92946	0.00715
92958	0.00739
92970	0.00764
92983	0.00787
92996	0.00808
93009	0.00828
93023	0.00845
93037	0.00859
93052	0.00871
93066	0.00881
93081	0.00888
93096	0.00894
93110	0.00899
93125	0.00903
93140	0.00906
93155	0.00908
93170	0.0091
93186	0.00912
93202	0.00914
93218	0.00915
93235	0.00916
93253	0.00918
93272	0.00919
93291	0.0092
93312	0.00921
93335	0.00923
93359	0.00924
93386	0.00925
93414	0.00927
93445	0.00929
93479	0.0093
93516	0.00932
93556	0.00934
93598	0.00936
93644	0.00939
93692	0.00941
93740	0.00943
93790	0.00945
93839	0.00948
93886	0.0095
93932	0.00952
93976	0.00953
94017	0.00957
94054	0.00954
94088	0.00962
94118	0.0096
94145	0.00952
94169	0.00964
94190	0.00979
94208	0.00971
94224	0.00948
94238	0.00936
94250	0.00945
94261	0.00967
94275	0.01004
94286	0.01026
94297	0.01023
94307	0.00987
94318	0.00927
94328	0.0088
94339	0.00877
94350	0.00927
94361	0.01018
94372	0.01135
94382	0.01291
94392	0.01626
94402	0.02273
94412	0.03152
94422	0.04047
94432	0.04925
94442	0.05814
94452	0.06697
94463	0.07579
94473	0.08445
94483	0.09308
94493	0.10176
94504	0.1105
94514	0.11911
94524	0.12739
94535	0.13572
94545	0.14405
94555	0.15232
94566	0.16043
94576	0.1683
94586	0.17657
94596	0.18452
94607	0.19283
94618	0.20073
94628	0.20894
94639	0.21663
94649	0.2246
94661	0.23286
94671	0.24046
94682	0.24831
94693	0.25642
94703	0.26373
94714	0.27125
94725	0.27898
94736	0.28693
94746	0.29393
94757	0.30109
94767	0.30843
94778	0.31594
94790	0.32363
94802	0.33151
94812	0.33822
94822	0.34506
94833	0.35204
94843	0.35916
94855	0.36642
94866	0.37383
94878	0.38138
94890	0.38908
94902	0.39693
94913	0.40333
94923	0.40982
94934	0.41642
94944	0.42312
94955	0.42993
94967	0.43684
94978	0.44387
94990	0.451
95002	0.45825
95015	0.4656
95027	0.47308
95040	0.48067
95053	0.48838
95063	0.49425
95074	0.50018
95084	0.50618
95095	0.51225
95106	0.5184
95117	0.52461
95128	0.5309
95139	0.53726
95151	0.5437
95163	0.55021
95175	0.5568
95187	0.56346
95199	0.57021
95212	0.57703
95225	0.58393
95238	0.5909
95252	0.59796
95265	0.6051
95279	0.61231
95294	0.61959
95308	0.62693
95323	0.63429
95338	0.64154
95350	0.64712
95360	0.65174
95370	0.35445
95380	0.01634
95390	0.00344
95400	0.00263
95411	0.00265
95422	0.00275
95434	0.00287
95446	0.00302
95457	0.00317
95469	0.00336
95480	0.00354
95491	0.00374
95504	0.00398
95517	0.00425
95528	0.00447
95539	0.00472
95551	0.00499
95563	0.00528
95577	0.00559
95591	0.00592
95606	0.00627
95617	0.00651
95628	0.00676
95639	0.007
95652	0.00725
95664	0.00749
95677	0.00772
95691	0.00794
95706	0.00814
95721	0.00832
95736	0.00847
95752	0.00859
95769	0.00869
95785	0.00877
95802	0.00883
95819	0.00888
95837	0.00892
95855	0.00895
95873	0.00898
95891	0.009
95910	0.00902
95930	0.00903
95951	0.00905
95972	0.00906
95995	0.00908
96019	0.00909
96045	0.00911
96072	0.00913
96102	0.00914
96134	0.00916
96168	0.00918
96205	0.0092
96245	0.00922
96287	0.00924
96333	0.00927
96381	0.00929
96431	0.00932
96482	0.00934
96533	0.00937
96584	0.0094
96635	0.00942
96683	0.00944
96730	0.00946
96775	0.00948
96817	0.0095
96856	0.00952
96893	0.00953
96926	0.00955
96957	0.00957
96986	0.00957
97011	0.00958
97034	0.0096
97055	0.00961
97073	0.00961
97089	0.0096
97103	0.0096
97115	0.00963
97126	0.00965
97140	0.00968
97151	0.00968
97163	0.00965
97176	0.0096
97187	0.00958
97199	0.00959
97209	0.00965
97219	0.00973
97231	0.00981
97243	0.00983
97255	0.00974
97266	0.00959
97279	0.00942
97290	0.00941
97304	0.00961
97318	0.01003
97333	0.0104
97345	0.01037
97357	0.00986
97368	0.00911
97380	0.00859
97392	0.00885
97404	0.00972
97415	0.01114
97426	0.01325
97436	0.01869
97446	0.02562
97456	0.03453
97466	0.04351
97476	0.05231
97486	0.06104
97496	0.0699
97507	0.07863
97517	0.08733
97527	0.09584
97537	0.1044
97548	0.11295
97558	0.12126
97568	0.12967
97578	0.13815
97589	0.14662
97600	0.15502
97610	0.16326
97620	0.17125
97631	0.17964
97642	0.1877
97652	0.19534
97662	0.2033
97673	0.21158
97684	0.21932
97694	0.22734
97704	0.23471
97715	0.24232
97726	0.25018
97737	0.25828
97748	0.26558
97758	0.27309
97769	0.2808
97781	0.28872
97791	0.29569
97801	0.30282
97812	0.31011
97823	0.31758
97835	0.32522
97846	0.33303
97857	0.33969
97867	0.34646
97878	0.35337
97889	0.36041
97900	0.36759
97911	0.3749
97923	0.38235
97935	0.38994
97948	0.39768
97958	0.40397
97969	0.41036
97979	0.41684
97990	0.42342
98001	0.43009
98013	0.43687
98024	0.44375
98036	0.45072
98049	0.4578
98061	0.46498
98074	0.47226
98087	0.47965
98097	0.48525
98107	0.49092
98118	0.49663
98128	0.5024
98139	0.50822
98150	0.51408
98161	0.51998
98173	0.5259
98184	0.5318
98196	0.5376
98207	0.54308
98217	0.54781
98227	0.52142
98237	0.02822
98247	0.00405
98257	0.00268
98268	0.00266
98278	0.00275
98289	0.00287
98301	0.00301
98312	0.00316
98324	0.00335
98335	0.00352
98346	0.00372
98358	0.00395
98371	0.00422
98382	0.00444
98392	0.00468
98404	0.00494
98416	0.00522
98429	0.00553
98443	0.00585
98457	0.0062
98467	0.00644
98478	0.00668
98489	0.00693
98500	0.00718
98512	0.00742
98524	0.00766
98537	0.00789
98550	0.00811
98564	0.0083
98577	0.00847
98592	0.00861
98606	0.00872
98621	0.00882
98635	0.00889
98650	0.00895
98665	0.00899
98679	0.00903
98694	0.00906
98709	0.00908
98725	0.0091
98740	0.00912
98756	0.00914
98773	0.00915
98790	0.00917
98808	0.00918
98827	0.00919
98847	0.0092
98868	0.00921
98891	0.00923
98915	0.00924
98942	0.00926
98970	0.00927
99002	0.00929
99036	0.0093
99073	0.00932
99113	0.00934
99156	0.00936
99202	0.00939
99250	0.00941
99299	0.00943
99348	0.00946
99397	0.00948
99445	0.0095
99490	0.00952
99534	0.00954
99574	0.00956
99611	0.00955
99644	0.00963
99674	0.00959
99701	0.00952
99724	0.00966
99745	0.00979
99763	0.00969
99778	0.00946
99792	0.00936
99804	0.00947
99815	0.0097
99828	0.01007
99839	0.01027
99850	0.01022
99860	0.00985
99871	0.00925
99881	0.00879
99892	0.00878
99903	0.0093
99915	0.01024
99925	0.01141
99935	0.01308
99945	0.01679
99955	0.02338
99965	0.0322
99975	0.04104
99986	0.04988
99996	0.05873
